381
381
382
383
384
386
388
390
392
393
395
397
398
399
400
401
400
400
398
389
380
376
373
372
372
373
375
377
378
379
379
381
381
382
382
383
384
386
388
390
393
395
397
399
399
400
398
395
382
377
374
374
374
376
378
381
381
382
384
386
387
390
391
395
397
399
400
400
399
394
384
377
375
375
375
375
377
379
380
382
383
385
388
390
392
394
397
399
400
400
399
394
382
375
371
372
373
375
376
378
380
381
383
384
388
391
393
395
397
399
400
400
400
397
386
378
375
375
376
378
380
382
383
384
385
386
388
391
392
395
397
399
400
400
400
397
386
377
373
372
374
374
377
378
380
381
382
383
385
388
390
393
396
398
399
400
399
396
386
377
373
372
372
375
376
378
380
382
384
385
387
388
391
393
396
398
399
399
399
398
389
380
375
373
373
375
376
378
380
380
381
382
384
386
389
392
394
396
398
399
399
398
392
381
375
372
372
373
375
378
379
381
382
384
385
387
390
392
395
397
399
400
400
399
392
382
375
373
372
374
376
378
379
379
381
383
385
386
389
392
394
397
399
399
399
399
394
383
376
372
373
374
376
378
380
380
382
384
386
388
390
392
395
397
399
400
401
400
398
386
378
373
373
373
375
379
379
380
381
382
384
385
388
391
393
396
398
399
400
399
398
384
376
372
372
374
376
378
379
380
382
382
384
386
389
391
394
397
399
400
400
399
397
387
378
375
374
373
376
377
379
381
382
384
385
387
389
391
394
396
398
400
400
400
398
388
380
376
375
374
375
377
377
380
381
382
384
387
389
391
394
396
398
400
400
399
398
386
377
372
372
372
374
376
377
379
381
382
383
386
389
392
394
397
398
400
400
400
399
390
380
376
374
376
377
379
381
382
383
384
386
388
389
392
394
396
399
400
400
400
399
390
380
374
372
372
373
375
377
380
381
381
382
384
387
390
393
395
397
399
400
400
399
389
380
374
372
372
374
376
378
380
381
383
385
386
388
390
392
394
397
399
400
399
399
393
383
376
374
373
374
376
377
380
380
381
382
383
385
388
391
393
395
398
399
399
399
395
385
376
373
372
372
374
377
379
380
381
383
385
387
389
392
393
396
398
400
400
400
398
386
376
373
373
373
375
377
379
380
380
382
384
386
388
391
393
396
398
399
400
399
398
387
378
373
373
375
375
377
379
380
382
383
385
387
390
392
394
397
399
400
401
401
399
391
379
374
373
373
374
375
379
379
381
382
384
385
388
390
392
395
398
399
400
400
398
389
378
373
371
373
375
377
379
380
381
382
384
386
388
391
393
396
398
399
400
400
398
391
380
375
374
374
374
377
379
382
382
384
385
387
389
391
393
397
398
400
400
400
399
392
382
376
375
374
374
376
377
380
380
381
383
386
388
390
393
395
398
400
400
399
398
391
378
373
371
372
373
375
377
378
381
382
383
385
388
390
393
396
398
399
401
400
399
395
382
377
374
376
376
378
381
382
382
384
385
386
389
391
393
395
398
400
400
400
400
393
381
375
372
372
373
375
377
379
381
381
382
384
386
389
392
394
397
399
400
400
399
392
382
375
373
373
373
376
377
379
380
382
384
386
388
389
392
395
397
399
400
400
399
396
385
377
374
373
373
376
377
380
380
381
382
383
385
387
391
393
395
398
399
399
399
398
387
378
374
373
373
374
376
379
380
382
383
384
386
389
391
393
396
398
399
399
399
398
387
378
375
373
373
375
377
378
379
380
382
384
385
388
391
393
395
398
399
400
399
398
388
379
373
373
373
375
376
380
380
381
382
385
387
389
391
393
396
398
400
401
400
399
393
380
375
373
372
373
375
379
380
381
382
383
384
387
390
392
395
397
399
400
399
399
391
379
374
372
373
375
377
379
380
381
383
383
386
388
391
394
396
398
399
400
400
398
393
382
376
374
373
374
377
379
382
382
384
385
387
388
390
393
395
398
399
400
400
400
394
384
378
376
375
375
376
377
381
380
381
383
385
388
390
391
395
397
399
400
400
399
393
380
374
371
371
373
374
376
378
380
381
383
384
387
390
392
395
397
399
400
400
399
396
385
377
375
375
376
377
379
382
382
383
385
386
388
391
393
395
397
399
400
400
399
395
384
376
372
371
372
374
377
378
380
381
382
383
385
388
391
393
396
398
400
400
399
396
385
376
373
372
373
375
377
379
380
382
384
386
387
389
391
394
397
399
400
400
399
398
388
379
375
374
373
376
376
379
380
381
381
382
385
387
390
392
395
397
399
399
399
398
390
379
374
373
373
373
376
379
380
381
382
385
386
388
391
393
395
398
399
400
400
399
390
380
374
373
429