266
268
269
269
268
267
267
267
269
270
270
270
280
276
276
276
278
279
280
282
283
285
285
286
288
289
290
291
293
296
297
299
299
300
302
303
305
306
306
306
306
304
304
303
282
273
262
263
265
267
268
268
272
275
275
275
279
279
279
280
282
283
285
288
289
291
294
296
298
299
302
305
304
304
303
302
303
304
299
274
264
261
261
264
265
268
270
272
274
277
283
280
280
279
283
283
286
286
287
290
292
293
296
299
301
303
305
306
307
306
304
303
301
291
271
265
264
267
267
266
268
270
271
274
277
278
278
280
282
282
284
286
286
289
291
292
295
298
300
302
303
305
305
304
304
303
301
297
271
261
262
263
266
268
272
273
276
277
281
277
279
282
280
283
285
287
288
291
292
294
297
300
301
303
304
304
304
304
303
302
301
299
282
264
262
267
267
267
267
269
273
276
275
275
285
281
280
282
284
285
286
287
290
293
295
297
301
303
305
306
306
305
305
306
303
302
286
271
264
263
266
267
267
267
269
270
272
273
279
280
280
281
282
283
286
288
289
290
293
295
298
301
302
304
305
305
304
304
301
300
287
266
261
259
261
264
264
267
271
271
272
274
276
277
277
278
280
279
284
286
288
292
294
296
300
301
302
303
304
307
306
305
303
303
297
276
263
263
264
265
266
267
267
271
275
280
279
278
276
279
282
283
283
285
287
290
293
293
296
299
301
302
303
304
304
304
303
304
303
285
268
262
264
264
264
266
265
266
269
273
272
273
280
276
278
279
280
281
283
287
288
291
294
295
298
299
301
301
302
303
304
304
300
287
274
264
262
262
262
263
264
266
272
271
271
275
276
276
278
278
281
282
284
287
288
290
292
295
298
299
300
301
302
303
302
301
302
298
284
274
265
262
264
267
268
267
271
275
277
278
278
280
278
279
280
280
282
285
286
288
289
290
294
297
299
301
302
302
302
302
302
302
298
276
271
265
266
267
266
266
265
268
267
271
275
275
275
277
279
281
283
284
285
288
291
294
296
298
299
301
303
304
304
304
303
302
302
285
273
262
262
263
266
267
266
269
273
273
273
278
278
278
279
280
281
283
285
288
290
293
294
296
298
300
303
303
303
302
301
300
303
300
275
266
259
259
262
263
266
269
270
273
276
279
279
277
280
280
281
283
285
286
286
290
291
293
296
299
301
303
304
305
306
305
303
301
299
279
266
263
263
266
266
267
269
271
271
274
280
278
278
280
282
281
284
285
286
288
290
293
295
298
300
302
304
303
303
303
303
302
300
283
263
260
261
262
265
269
271
272
277
277
277
276
278
279
280
283
284
284
287
289
291
293
296
299
300
302
303
303
303
302
301
300
299
298
272
262
261
265
265
266
267
268
272
274
274
274
283
279
280
282
283
284
285
288
290
292
294
297
299
303
305
304
305
303
304
304
301
300
283
269
262
262
265
265
265
265
267
269
271
273
278
279
279
280
280
282
284
287
288
289
291
294
297
300
301
304
305
305
304
303
300
299
287
267
260
258
260
262
262
265
270
270
271
273
276
276
277
278
280
279
283
285
287
291
294
296
297
299
301
302
303
305
304
303
302
302
301
286
263
262
263
264
264
266
266
269
271
276
277
275
274
276
279
280
281
282
283
285
288
290
293
295
297
299
300
302
302
301
302
302
301
290
273
264
263
263
264
265
265
265
267
269
270
270
279
275
275
277
279
280
280
284
286
288
291
294
296
298
299
300
301
302
303
303
301
294
275
266
261
260
261
262
263
264
269
270
271
272
273
275
276
277
279
281
282
284
285
288
289
293
296
298
299
300
301
302
301
300
300
300
291
274
265
261
263
265
267
266
266
272
274
275
276
279
277
277
279
279
279
283
285
286
287
289
292
294
297
299
300
301
301
301
301
301
299
281
273
263
264
266
266
264
264
266
266
266
276
273
273
275
277
280
282
283
284
286
289
292
294
297
298
299
302
303
303
304
303
302
303
299
274
265
259
261
264
266
265
267
272
273
272
278
277
277
277
279
279
282
284
286
288
291
293
295
296
298
301
302
301
301
301
300
300
300
288
270
259
258
259
262
263
267
270
271
275
275
280
278
277
277
280
280
283
283
285
288
289
291
294
296
299
301
303
304
304
304
303
300
298
291
270
264
262
265
266
265
266
269
270
273
275
279
277
278
281
282
283
284
284
286
288
291
293
296
298
300
302
304
303
302
302
301
301
300
275
261
259
261
263
266
269
272
273
275
278
275
276
278
278
279
282
284
284
286
288
290
293
296
299
300
301
303
303
302
301
300
300
299
293
268
260
262
264
264
264
266
268
272
274
274
274
281