691
685
681
684
692
703
711
718
730
740
756
773
783
789
782
740
706
692
691
686
694
705
709
716
727
737
751
767
781
787
784
751
708
690
687
691
693
705
709
717
730
747
769
787
783
723
690
681
689
705
714
725
744
767
783
782
735
690
689
693
702
712
727
742
764
786
786
749
696
686
687
701
713
722
739
764
782
785
755
694
685
687
698
709
723
739
759
781
787
767
701
691
688
700
712
720
733
758
778
786
768
706
686
687
696
706
718
735
753
773
785
772
699
687
682
692
705
717
730
751
773
784
781
716
689
683
699
707
715
732
750
773
787
784
714
686
682
688
700
714
727
746
771
785
783
721
686
680
688
703
714
726
747
770
784
784
733
693
691
691
702
715
726
743
765
784
785
738
695
687
689
704
713
725
745
764
782
787
743
691
685
687
698
709
723
737
759
782
784
753
698
687
688
703
711
722
736
758
780
786
776
703
687
687
698
709
723
734
756
780
786
777
702
688
680
695
706
718
732
756
777
786
781
709
689
689
695
707
717
732
749
772
786
781
718
691
684
692
706
714
727
748
768
783
779
713
685
680
689
701
710
726
746
767
784
783
727
696
684
693
706
716
726
745
768
786
786
734
690
682
688
699
709
723
741
765
782
788
737
690
686
684
700
713
725
740
766
784
785
748
700
689
689
702
710
722
740
761
780
787
754
697
688
690
700
711
724
739
759
781
786
758
699
686
681
698
709
720
734
756
778
786
776
704
687
691
698
709
721
734
751
777
789
780
712
689
686
697
708
719
730
755
774
787
783
712
687
680
694
704
717
730
749
772
786
781
719
694
686
692
708
715
725
747
769
785
783
731
691
683
691
702
710
726
742
763
780
782
726
688
681
685
698
710
722
739
763
782
784
745
697
683
691
703
712
724
742
763
782
788
749
693
686
685
695
708
719
737
761
780
787
749
696
684
680
699
710
721
738
760
782
787
762
704
691
687
696
707
722
735
756
779
787
775
708
689
688
697
709
720
734
755
775
786
780
705
686
683
693
704
719
731
750
773
785
779
713
688
687
693
708
716
730
750
773
788
784
724
690
685
696
705
717
728
747
770
787
784
724
691
685
690
701
717
726
744
769
784
783
737
693
686
691
704
712
723
742
763
783
786
744
693
686
688
699
711
721
738
760
779
782
746
692
683
687
699
709
719
741
760
779
787
764
701
688
689
701
710
722
737
758
782
789
762
703
686
685
697
704
717
733
757
777
786
768
701
685
685
694
707
722
734
754
780
787
778
712
692
685
695
706
716
730
754
774
787
784
716
689
691
695
706
718
731
749
771
785
781
716
691
681
690
705
715
726
747
769
784
781
726
688
687
693
704
713
729
745
767
788
785
739
697
686
689
703
715
724
741
766
784
785
745
693
684
691
700
710
725
740
762
781
786
756
696
687
687
699
713
720
735
760
779
785
760
701
684
685
697
707
717
735
755
774
784
762
696
685
685
693
707
716
732
753
778
785
776
712
689
686
700
710
717
733
754
776
788
779
710
685
686
692
703
718
730
751
772
787
783
711
687
681
691
707
717
729
752
773
786
784
723
692
687
693
702
714
728
746
768
786
783
727
694
687
690
707
715
726
745
768
784
783
733
690
684
688
700
712
725
741
764
784
783
743
692
690
690
702
713
724
739
763
783
786
761
701
687
688
703
712
721
740
761
781
789
765
698
689
684
697
708
721
735
756
779
786
776
705
687
685
697
707
717
733
753
774
785
775
710
686
684
692
703
717
730
748
772
783
777
707
685
681
689
704
713
727
750
771
784
785
719
690
689
696
708
718
729
749
771
787
785
724
689
682
690
702
712
725
747
768
784
787
728
687
682
687
700
715
727
744
768
786
784
737
698
688
688
702
712
723
742
764
783
786
745
694
687
690
701
711
726
740
761
781
785
747
696
686
683
700
710
721
736
759
780
785
764
699
686
689
699
708
721
736
755
780
788
778
707
690
686
698
710
720
732
755
777
787
781
707
687
682
693
704
716
731
750
773
786
781
713
690
685
691
707
717
726
748
770
784
781
723
688
682
692
702
711
726
744
765
783
781
719
690
681
686
703
714
724
745
767
782
783
738
695
684
693
707
713
726
742
765
784
788
744
692
687
686
697
709
722
739
764
781
787
746
693
684
681
700
710
722
740
762
780
786
754
701
692
686
696
709
722
735
758
779
786
765
704
687
687
700
710
721
735
756
776
786
775
702
686
683
694
706
721
731
752
777
785
779
711
689
687
695
706
715
730
753
773
787
784
722
690
688
696
705
716
728
747
770
786
784
721
691
684
689
703
714
724
745
768
784
782
730
691

429
