788
778
773
774
777
780
783
789
797
801
808
815
816
812
793
781
774
773
775
778
782
787
794
800
805
813
816
816
799
784
775
770
772
776
779
783
789
797
802
810
816
809
785
773
774
778
783
792
801
811
816
808
783
772
775
780
785
795
803
814
817
798
778
771
775
780
787
797
805
815
817
795
778
772
777
781
788
798
806
816
816
792
775
771
776
782
789
799
808
816
812
786
772
770
776
781
791
801
811
817
809
785
774
776
780
785
794
802
813
817
802
781
773
774
779
785
795
803
814
816
796
777
769
774
779
787
797
805
815
816
794
778
773
777
782
789
799
807
816
815
788
775
773
777
783
791
800
810
817
811
786
773
772
777
782
791
801
811
817
806
784
773
775
779
785
794
803
813
817
803
782
772
775
780
786
796
804
814
816
794
777
771
776
780
787
798
806
816
816
792
776
772
777
782
788
799
807
816
814
789
775
771
777
782
791
800
810
817
811
784
772
771
776
783
793
802
813
817
805
784
774
776
781
787
796
803
814
816
798
779
772
775
780
785
796
804
815
817
793
776
769
775
780
788
800
807
816
816
792
777
774
778
783
790
800
809
816
813
787
775
774
778
784
792
801
810
817
808
784
772
773
778
783
792
801
811
817
803
781
772
775
779
786
795
803
813
817
799
781
772
776
781
787
798
806
815
817
792
776
772
776
781
788
799
806
816
816
791
775
772
777
782
789
799
808
816
812
788
774
772
777
783
791
800
811
816
807
781
769
772
777
784
793
803
813
816
802
783
774
777
782
787
797
804
815
817
796
778
773
776
781
787
798
805
816
817
792
775
769
776
781
789
800
808
816
815
790
776
774
778
782
791
799
809
816
810
785
774
774
778
784
794
801
811
816
806
782
772
773
778
784
793
803
813
817
800
780
772
776
780
787
796
804
815
816
796
778
772
776
782
788
799
806
816
816
790
774
771
776
781
788
799
808
816
815
789
775
772
778
783
790
800
809
817
810
786
773
772
778
784
793
802
812
817
802
780
770
773
778
785
795
804
814
816
798
781
774
778
782
788
798
805
815
816
793
776
772
776
781
787
799
807
816
815
790
774
770
776
782
790
800
809
817
812
789
776
775
779
783
792
800
811
817
807
784
773
774
779
785
794
802
813
817
802
781
771
774
779
784
794
803
814
816
797
778
772
776
781
788
797
805
815
816
794
777
772
777
782
788
800
808
816
816
788
775
773
777
782
789
800
810
817
813
787
774
772
778
783
791
801
811
816
807
784
772
773
779
785
795
803
813
817
799
779
769
775
779
786
797
805
815
816
795
781
775
779
783
790
800
807
817
816
791
775
773
777
782
788
800
808
816
812
788
773
770
776
782
791
800
810
817
808
787
774
774
779
783
792
801
812
817
805
782
773
774
779
786
796
803
814
817
798
779
771
775
779
786
797
804
814
816
794
777
773
776
782
789
799
807
816
816
791
775
771
777
783
789
799
809
816
814
786
773
773
777
782
790
801
810
817
810
785
774
773
778
784
792
801
812
816
804
782
771
773
779
785
797
804
815
817
796
776
769
775
780
787
799
806
815
816
793
778
775
779
783
790
799
808
817
815
789
774
773
777
782
789
800
809
816
809
785
773
772
776
783
792
801
811
816
806
785
774
775
779
785
795
802
813
817
801
780
773
776
780
787
798
804
815
817
794
777
771
775
780
786
798
805
815
816
792
776
773
777
782
789
799
808
817
815
790
774
772
778
783
790
800
810
817
811
785
773
774
778
783
792
801
811
817
807
784
774
774
779
785
794
802
812
816
801
781
772
774
780
786
798
805
816
817
793
775
769
775
780
788
799
807
816
816
792
778
775
779
783
790
800
809
816
814
788
774
773
778
782
790
800
810
816
807
784
772
772
777
783
793
801
812
817
805
783
773
775
780
785
794
803
813
816
799
779
773
776
780
788
798
805
815
817
793
777
770
776
781
788
799
806
816
816
791
775
774
777
782
790
800
808
816
815
789
773
772
778
783
791
801
810
817
810
783
772
773
778
783
792
801
812
817
805
783
773
775
780
786
795
803
814
817
800
780
772
775
781
787
798
805
815
817
792
773
769
775
781
788
799
807
816
815
791
776
775
779
783
790
800
809
816
812
787
774
772
777
782
790
800
810
816
806
783
771
772
777
784
793
802
812
817
803
783
773
776
780
785
796
803
814
816
797
779
773
776
781
788
799
805
816
817
792
776
770
776
780
788
799
806
815
815
790
774
773
777
782
790
799
809
817
815
789
773
773
778
783
791
801
810
817
808
784
773
774
778
783
793
802
812
817
804
783
774
775
780
786
795
803
814
816
429