686
690
697
702
714
722
736
748
763
777
784
783
759
708
688
682
675
685
692
703
710
718
729
743
758
775
783
783
773
715
686
678
678
687
690
697
705
715
729
741
761
781
783
744
692
678
682
699
708
719
740
762
782
785
746
689
680
684
693
707
721
739
760
783
785
756
695
683
684
695
708
719
736
758
781
786
757
698
680
684
693
704
719
735
755
776
785
757
691
681
679
690
704
716
731
757
776
786
772
699
680
679
692
703
712
732
752
775
787
768
698
683
680
689
704
715
731
751
775
786
770
703
681
676
691
703
713
730
752
774
786
779
707
682
682
689
699
715
727
749
771
785
779
709
683
682
691
704
715
729
751
772
785
782
711
683
676
689
700
712
727
746
767
784
779
714
685
680
686
699
709
725
744
767
783
781
725
686
677
691
699
709
725
744
767
788
785
723
685
680
686
696
711
722
742
767
784
783
735
688
682
689
698
709
722
743
764
783
785
741
691
681
683
696
709
722
737
761
780
783
733
689
679
681
697
707
719
738
762
782
786
748
691
682
682
695
704
720
737
759
782
786
747
690
681
680
694
706
717
736
759
779
785
749
692
681
677
693
704
720
736
759
781
785
754
700
683
679
692
704
717
733
756
777
784
763
697
680
686
694
703
721
735
756
776
786
767
696
684
676
691
706
717
731
753
774
784
775
702
681
680
688
699
712
731
751
772
785
779
706
686
679
691
705
714
729
751
774
787
780
708
682
676
692
701
712
728
750
771
787
780
713
684
683
688
700
713
727
746
772
786
781
722
685
677
689
700
710
725
745
768
783
782
714
684
682
685
698
714
725
744
770
784
784
724
687
677
685
699
708
720
743
766
783
786
728
684
682
682
696
708
723
742
765
783
784
733
689
678
680
699
707
721
742
765
783
785
739
690
683
683
694
707
723
739
760
782
784
741
691
680
684
697
709
721
739
761
781
784
746
690
681
685
695
706
722
735
758
778
785
751
692
682
683
691
705
717
735
759
778
785
774
697
681
679
695
705
717
734
757
779
788
770
696
684
678
691
705
716
732
754
778
786
775
701
683
681
692
704
716
731
752
775
787
777
707
681
680
690
703
717
730
750
774
785
778
703
682
679
691
702
715
729
752
774
786
783
709
683
680
689
700
711
727
747
772
786
782
708
685
677
685
702
711
726
747
771
786
782
713
683
677
686
699
710
728
746
770
787
781
721
686
682
687
699
713
724
744
768
783
781
724
684
680
692
700
712
729
745
768
784
784
727
685
679
686
698
713
724
740
765
781
781
730
687
681
686
695
704
722
741
763
781
786
746
690
681
682
695
708
723
740
763
784
786
745
691
680
683
697
707
718
740
761
780
784
755
691
682
684
694
705
719
737
758
783
786
755
700
680
681
695
707
719
735
757
778
784
759
692
680
682
693
704
719
735
757
779
789
768
698
683
681
692
705
715
731
754
777
787
766
700
680
678
690
701
714
733
754
775
788
769
699
681
676
688
702
714
729
751
777
785
777
709
682
679
692
700
713
729
750
771
784
779
708
682
685
692
702
718
729
749
773
786
780
712
685
675
690
702
712
726
746
768
782
780
715
682
681
688
696
708
726
744
768
783
782
725
687
677
685
700
710
723
745
769
785
785
727
685
680
687
695
708
724
743
765
784
784
736
690
683
686
697
710
723
740
763
784
785
746
693
679
686
698
708
724
739
760
779
784
744
688
681
679
694
710
719
737
763
780
786
759
694
680
682
695
705
715
735
757
778
790
755
691
683
680
689
706
718
734
756
778
786
757
696
680
674
693
703
715
733
755
776
786
764
700
681
680
691
701
715
730
752
775
784
773
703
683
682
695
705
717
732
753
775
785
779
704
683
677
691
701
715
729
747
772
784
777
707
682
679
687
699
709
728
749
771
784
782
717
683
679
689
699
712
727
747
769
787
783
716
685
677
686
698
710
723
745
770
784
782
728
686
682
690
699
712
725
745
767
785
784
735
691
680
683
698
710
724
740
765
781
783
732
686
679
683
696
707
722
740
764
781
786
742
690
681
683
695
707
719
736
761
781
787
746
690
679
679
693
704
718
737
760
780
786
746
690
683
675
692
705
720
735
757
780
784
753
699
682
679
693
703
714
733
756
775
785
761
695
682
685
694
704
720
734
756
778
787
767
699
685
675
694
703
715
730
752
774
784
776
702
679
682
689
699
713
732
751
773
788
780
706
685
678
688
705
715
728
750
774
786
780
709
681
676
690
700
712
729
749
771
788
780
713
685
683
688
701
716
728
746
773
786
782
724
686
675
689
700
711
725
745
768
783
782
717
684
681
684
697
711
724
742
767
783
784
726
688
675
685
700
708
721
742
765
783
785
731
684
678
680
693
706
723
740
763
784
784
734
688
679
679
697
706
720
739
762
781
783
742
691
681
684
694
705
719
737
759
781
784
745
693
681
684
696
708
721
738
761
781
785
751
691
682
682
694
704
722
734
756
777
784
756
694
681
682
691
705
717
734
757
777
786
780
699
680
679
693
705
716
733
755
777
788
777
698
684
675
691
707
716
729
752
776
785
777
705
684
682
692
704
716
733
752
774
787
780
711
681
677
689
702
715
728
747
773
785
779
708
682
678
688
699
712
725
749
771
784
784
715
683
678
688
700
710
725
744
768
784
783
716
683
675
681
697
709
723
745
768
784
783
723
684
676
682
696
708
724
741
765
784
783
732
689
682
683
696
708
720
739
763
781
783
736
686
680
687
698
709
723
741
763
783
784
738
688
680
682
694
709
721
736
761
779
783
745
689
680
684
693
703
720
738
758
779
787
765
693
683
678
692
708
719
735
758
780
786
766
696
682
677
693
706
716
736
756
778
785
776
698
683
684
691
703
720
735
754
778
787
773
708
682
677
690
705
715
729
751
773
784
776
700
680
682
688
700
716
729
749
772
787
781
707
683
676
688
703
712
725
747
771
785
783
711
681
676
685
697
709
728
746
769
785
781
713
684
676
683
701
710
724
743
768
784
781
727
687
681
687
695
707
724
743
764
784
782
728
685
681
687
699
713
724
742
766
784
783
735
686
678
687
696
707
721
739
761
779
783
739
686
682
685
692
707
722
739
762
781
784
753
691
679
680
696
707
719
737
761
781
788
755
692
684
680
693
709
719
735
757
780
785
767
696
684
683
697
706
719
735
757
778
786
764
701
680
681
692
704
716
733
752
777
785
765
698
680
679
688
702
713
729
753
775
786
778
703
680
681
690
702
713
728
749
773
787
779
704
682
677
685
701
713
728
749
773
785
780
708
681
676
689
702
711
729
746
769
787
780
717
686
682
688
698
711
724
744
770
783
780
721
683
680
692
702
713
726
746
769
784
782
723
683
679
686
698
712
724
741
766
782
781
728
685
680
686
697
705
723
743
763
781
785
742
687
678
684
696
707
722
740
762
782
785
741
691
680
683
698
709
720
740
761
782
784
756
691
683
685
696
706
723
738
759
783
786
755
700
681
680
692
707
718
734
756
776
784
756
692
678
681
691
702
716
735
756
776
787
766
697
682
680
690
703
715
730
753
776
786
768
701
679
679
691
701
714
733
752
775
785
771
700
680
676
688
702
716
730
749
777
785
778
712
684
680
688
701
712
727
749
770
784
779
710
682
684
691
701
717
729
748
771
785
781
711
684
676
687
701
712
725
746
768
783
781
719
681
679
689
696
707
728
745
765
784
783
726
687
678
686
699
711
723
741
768
784
783
730
686
678
687
698
710
721
743
764
783
784
738
688
685
686
697
711
723
739
764
784
785
746
694
679
684
696
707
720
739
759
778
784
745
688
681
681
692
706
718
735
760
779
786
756
695
680
680
696
705
715
735
757
778
786
756
693
681
683
691
704
719
734
756
779
786
759
695
681
673
691
705
716
732
755
778
785
768
702
682
684
690
701
714
732
753
773
785
775
702
683
682
692
704
718
731
752
774
785
777
704
682
673
691
700
713
730
749
771
784
778
708
680
681
687
697
713
729
747
773
784
781
719
686
678
689
702
712
725
747
770
785
784
716
682
682
688
698
714
725
745
769
785
782
723
687
681
687
701
711
724
744
767
784
785
732
688
678
685
698
708
724
741
763
782
783
725
687
679
680
696
710
721
740
765
782
785
740
689
679
683
697
705
719
738
761
780
788
742
687
683
681
694
709
719
737
760
780
785
743
691
680
678
698
706
719
739
760
779
787
750
695
683
681
692
705
720
735
758
780
785
754
698
681
683
698
705
720
736
757
778
786
760
694
684
677
692
703
720
732
752
777
784
767
700
681
681
690
701
713
732
755
775
785
780
704
683
680
691
702
716
732
752
776
787
779
705
684
675
690
703
714
727
752
774
785
780
709
683
683
690
701
713
731
749
771
788
781
715
686
676
687
702
713
726
746
769
783
780
712
683
678
688
698
710
727
746
770
784
784
719
684
678
685
699
711
723
743
768
784
783
723
685
677
683
699
709
722
745
767
783
785
726
684
678
683
697
710
724
742
766
784
784
734
690
682
683
696
709
722
742
764
781
785
736
687
679
686
698
709
726
741
762
785
784
738
691
681
682
698
707
721
737
760
779
783
745
690
681
686
694
702
721
737
758
781
784
765
693
682
680
694
707
718
734
761
781
787
764
695
681
682
693
705
717
735
757
778
786
772
697
686
683
692
707
717
733
754
778
786
767
704
680
679
692
703
716
733
753
773
787
771
698
684
679
688
702
716
730
752
775
786
780
707
683
678
692
702
711
730
749
773
785
780
706
681
679
686
699
714
728
748
774
786
780
712
683
676
686
702
713
726
748
771
784
781
719
684
684
687
698
713
726
746
767
783
781
719
684
680
688
703
714
726
746
769
784
785
726
683
676
687
698
710
725
741
763
783
781
728
688
682
686
697
706
723
740
764
781
783
745
690
677
685
697
707
723
740
764
785
786
743
689
681
683
693
708
719
737
763
781
785
757
692
681
686
695
705
718
738
759
779
786
755
697
682
681
693
706
720
735
756
778
785
758
694
680
679
695
704
716
734
758
777
787
770
698
682
682
693
703
716
731
752
778
786
768
699
681
679
689
702
713
730
753
775
786
773
701
681
679
689
701
716
730
751
774
786
778
709
684
680
688
702
713
728
750
771
783
778
711
682
681
693
702
715
731
749
772
785
782
713
684
677
688
700
715
726
743
769
783
779
721
684
679
687
698
707
724
744
766
783
785
728
685
681
685
697
713
724
743
766
785
785
729
687
678
685
699
709
721
744
765
783
785
739
687
682
686
696
707
722
739
762
784
785
745
696
680
682
699
709
721
738
761
780
784
748
689
680
683
695
706
721
737
760
781
787
757
693
682
681
694
706
716
733
759
778
787
759
694
679
682
691
703
716
735
757
777
786
760
695
683
674
690
706
718
732
756
778
785
765
702
681
678
692
701
714
732
753
773
786
775
701
685
683
692
703
718
732
752
775
786
779
706
684
675
692
703
713
730
749
771
783
778
709
681
682
687
698
711
729
747
770
785
781
718
686
676
688
703
713
725
749
770
786
782
717
683
679
687
697
710
727
746
768
786
782
725
688
682
686
699
712
724
745
767
785
785
736
689
677
687
699
710
726
741
763
782
785
731
687
681
681
697
709
721
739
765
781
786
746
691
679
684
697
706
719
738
760
781
789
745
687
682
680
691
706
718
736
760
780
785
746
692
679
676
695
704
717
736
758
778
786
754
696
682
680
692
703
718
732
755
778
784
762
699
681
683
697
704
718
733
756
778
786
770
698
683
678
692
702
719
731
750
776
784
774
703
681
680
688
701
712
730
753
774
785
782
709
683
681
689
701
714
729
750
772
786
781
710
682
674
688
703
714
725
750
771
785
780
718
684
682
689
700
712
729
746
768
788
783
723
688
676
685
700
712
725
742
766
783
782
722
684
678
686
698
709
724
744
766
783
787
730
686
679
685
697
708
722
739
764
782
786
736
686
679
679
695
706
719
741
763
781
785
738
687
681
678
694
706
720
737
760
782
784
744
696
681
681
696
705
716
734
758
778
783
752
692
681
687
695
705
723
737
758
779
786
756
693
684
677
693
704
718
732
756
776
784
768
698
679
681
691
700
714
733
753
775
786
778
701
684
678
690
705
717
730
752
776
787
778
704
682
673
691
701
713
730
752
774
788
779
709
683
684
689
702
716
729
748
772
787
781
718
684
675
690
702
711
725
747
769
783
782
712
682
681
686
698
712
725
744
768
784
783
723
686
675
686
701
710
723
744
767
783
785
725
682
678
681
694
707
725
742
764
784
783
729
687
678
679
696
708
722
740
764
782
782
738
690
681
685
695
705
721
738
761
781
784
739
690
681
684
697
711
723
739
764
783
786
747
690
681
681
696
705
719
736
758
778
785
750
690
684
683
691
703
719
736
756
779
785
770
697
680
679
696
706
717
735
757
778
787
769
696
680
678
692
705
719
732
755
777
786
776
700
685
682
692
707
718
732
756
776
786
779
708
680
678
691
702
715
730
750
772
787
778
701
684
679
687
703
713
727
749
773
786
781
711
682
678
692
702
710
729
748
770
787
781
710
680
677
682
696
711
726
746
771
785
781
716
683
676
686
700
710
724
746
769
783
783
725
686
684
686
696
710
722
742
767
782
782
725
686
680
687
701
712
725
745
767
784
783
732
685
680
685
697
708
725
740
762
783
783
736
686
681
683
694
707
722
740
761
781
784
753
690
678
683
695
706
720
739
761
781
786
751
691
681
681
694
710
719
737
762
781
785
761
694
683
685
695
705
721
737
759
780
789
760
700
683
680
693
705
719
734
754
776
784
761
695
679
679
693
703
715
734
755
776
786
772
699
680
681
690
703
714
731
752
777
786
772
704
680
677
687
701
713
729
751
774
785
778
703
680
680
688
701
715
729
749
772
785
779
712
686
680
688
700
711
725
748
770
784
780
714
682
683
693
702
714
729
747
770
785
782
716
686
676
686
701
712
724
745
768
784
780
721
681
679
688
697
708
726
745
765
784
783
730
686
680
683
697
711
723
741
767
784
784
732
687
679
687
697
709
721
744
764
783
785
743
689
685
686
697
710
723
740
762
783
786
746
697
679
681
700
707
719
740
759
779
784
745
688
680
681
692
704
720
736
759
780
785
756
696
680
682
696
706
716
735
758
779
786
756
691
679
682
689
703
719
734
757
778
786
755
695
681
674
692
708
718
733
758
778
785
765
701
683
681
692
702
714
732
754
775
788
770
699
685
683
693
707
719
733
754
777
786
775
701
683
675
694
703
714
732
751
773
787
777
704
680
681
687
700
712
730
749
775
786
780
712
684
678
693
703
714
728
750
772
786
780
710
682
679
689
701
717
728
748
774
786
781
715
685
682
689
702
713
727
749
770
786
785
724
686
680
686
700
711
726
743
766
783
781
716
687
678
682
699
709
722
745
767
784
784
727
685
676
686
698
707
725
742
765
785
784
728
688
679
682
696
710
721
741
765
783
784
736
687
679
684
698
707
723
741
765
782
785
740
691
684
682
694
708
721
738
763
781
784
744
691
680
685
699
708
721
740
760
781
786
744
688
685
680
693
708
721
736
758
779
784
750
693
679
683
694
703
716
735
757
778
786
772
695
680
682
694
705
718
733
757
778
786
770
698
682
677
693
709
717
732
758
778
786
779
701
682
683
692
704
718
733
753
776
789
774
705
685
679
690
707
714
730
750
773
784
775
700
681
679
690
701
713
730
751
773
788
781
707
682
680
688
702
712
727
747
772
786
780
710
682
677
688
700
712
727
749
771
785
782
712
682
679
686
700
712
727
748
772
785
782
720
688
682
686
700
710
724
746
768
784
782
722
683
683
689
701
712
728
744
767
786
783
725
685
677
685
699
710
723
741
765
783
781
731
684
680
688
695
705
723
742
763
782
785
742
689
679
683
696
709
721
739
766
783
785
739
689
680
684
696
709
720
740
764
782
787
752
690
685
685
696
707
721
737
760
782
786
752
698
680
680
697
707
718
737
757
777
784
754
691
679
683
691
703
718
735
758
779
787
764
698
682
681
693
706
714
732
756
777
785
763
696
679
681
691
703
716
733
755
776
788
763
697
684
675
690
707
717
731
754
777
786
771
706
683
680
693
702
713
732
752
773
787
777
704
683
683
692
703
717
731
751
776
786
779
704
683
675
692
702
713
728
749
771
784
778
711
681
683
687
697
712
728
746
772
784
781
717
686
676
689
701
711
724
748
770
786
784
717
684
681
689
698
712
725
747
769
785
783
724
687
681
687
702
710
723
744
766
784
785
733
688
681
684
698
709
724
740
762
782
782
727
687
679
680
697
709
720
740
765
782
785
741
690
680
685
696
705
721
739
762
781
786
741
688
680
680
693
709
720
738
764
782
785
745
691
679
678
696
706
720
738
760
780
788
748
694
685
680
692
707
719
735
757
778
784
754
696
680
683
699
706
719
738
757
778
788
758
693
682
678
692
704
718
732
753
777
785
766
701
681
681
688
702
713
732
754
775
785
779
704
683
681
692
703
718
731
752
778
788
779
703
683
675
689
703
713
728
753
775
786
781
710
683
685
690
702
713
729
748
771
787
781
715
686
677
687
703
713
726
746
770
784
780
711
683
678
687
699
711
726
748
769
785
783
719
687
676
686
699
710
722
742
768
784
784
723
684
677
684
698
709
724
746
768
784
785
727
686
678
682
697
711
724
742
768
783
784
736
691
681
683
697
707
721
741
763
781
784
736
686
683
684
698
711
724
740
762
782
785
739
690
681
681
697
708
720
737
759
779
784
747
690
681
686
692
702
721
736
759
780
785
766
695
681
680
696
708
718
735
760
780
786
766
695
681
678
693
704
717
734
757
779
787
772
697
684
682
691
705
716
731
753
776
786
770
705
681
680
694
704
715
734
752
773
787
775
699
681
680
689
702
716
730
752
776
787
780
710
683
679
693
702
710
727
749
773
786
781
708
681
681
685
698
711
728
749
774
786
781
709
684
676
685
702
712
726
748
772
785
782
720
684
685
688
698
710
726
745
767
783
781
720
684
681
688
703
712
726
747
768
784
782
726
684
676
687
699
709
725
742
764
783
781
729
689
682
685
695
706
723
741
764
783
784
745
690
678
685
697
708
723
740
765
783
787
743
689
682
682
693
707
720
738
761
781
785
755
692
682
683
698
706
718
738
759
781
787
754
697
682
681
694
706
720
736
756
779
785
757
695
680
678
694
706
717
735
758
777
788
768
698
681
684
694
703
716
732
752
776
787
764
699
680

1734
