912
937
966
988
995
977
898
872
862
863
879
889
906
927
952
983
995
993
923
874
868
859
865
880
894
912
940
966
991
998
968
888
871
859
870
884
895
910
932
959
991
993
893
866
865
885
904
935
979
997
943
872
861
873
893
919
957
991
993
896
867
865
885
905
939
977
997
945
870
864
876
894
919
956
992
992
889
868
861
879
901
932
973
995
949
873
859
872
892
916
957
992
992
893
865
863
886
904
936
977
1000
923
870
861
879
896
929
965
995
990
882
863
868
886
906
942
984
996
921
871
861
874
898
926
963
996
983
876
864
862
881
906
940
982
996
923
871
861
884
899
924
967
995
980
882
863
868
889
909
943
985
999
919
869
858
876
897
928
967
994
983
886
865
868
888
910
945
986
995
920
869
865
879
900
929
966
995
986
880
863
865
882
903
944
981
993
923
871
860
877
899
924
966
996
988
879
863
869
888
912
945
985
998
922
871
860
880
897
926
965
994
988
881
863
867
888
908
942
987
995
926
873
861
876
896
927
964
995
985
878
863
865
884
907
945
983
996
926
874
863
882
900
927
964
997
981
881
864
868
887
909
944
984
997
919
869
854
877
897
923
966
993
981
886
866
867
889
911
944
985
997
920
865
866
879
897
929
966
994
986
881
862
866
885
903
941
984
993
922
873
860
874
900
925
965
995
990
878
862
869
888
909
947
984
997
924
871
857
880
897
925
964
995
987
881
864
865
883
909
941
983
998
927
869
864
877
897
926
964
994
984
879
863
862
886
908
942
985
996
924
876
862
881
898
926
963
995
985
881
862
870
887
907
945
983
996
925
870
855
874
898
925
963
995
986
885
867
868
886
910
943
982
996
926
866
863
882
897
926
965
994
987
884
864
864
885
905
938
981
994
926
870
861
874
895
924
963
995
990
880
861
870
889
908
944
983
996
924
872
856
877
898
926
963
995
988
882
866
866
882
907
940
982
996
930
870
860
878
897
926
964
996
990
882
866
861
883
907
941
982
999
929
872
864
880
897
927
962
994
985
882
863
867
885
907
941
984
996
925
871
857
874
897
923
962
993
987
887
866
867
887
908
944
981
995
931
867
863
878
898
925
963
994
989
884
866
864
883
906
939
979
996
932
871
860
875
895
923
963
993
989
884
863
866
888
909
943
983
997
931
870
857
877
895
925
962
994
990
885
864
869
885
905
942
981
997
932
872
861
876
898
926
962
996
991
882
867
862
882
906
939
981
997
934
872
861
882
897
924
962
994
988
883
864
864
883
905
939
981
998
930
869
860
874
894
923
962
992
988
890
866
865
887
907
940
982
996
934
870
864
878
898
927
962
994
992
886
864
864
882
902
938
977
994
939
872
860
873
896
922
959
994
989
885
864
866
887
908
942
981
997
937
871
856
879
895
920
962
993
989
889
866
865
886
905
938
981
998
939
873
863
876
895
927
960
994
991
884
865
859
882
904
936
979
996
938
875
861
875
898
922
959
996
991
885
864
865
882
903
938
979
997
935
871
857
876
895
920
962
992
989
890
867
866
886
908
941
979
999
936
868
866
879
896
928
962
994
991
888
866
862
883
901
935
979
994
937
874
861
871
896
922
960
993
991
886
862
867
886
907
943
981
996
936
873
855
878
896
922
961
995
989
886
868
866
885
907
940
982
999
935
870
863
877
897
923
964
994
991
886
866
858
883
905
937
980
998
934
873
863
878
896
926
961
994
993
884
863
867
885
905
939
981
996
930
872
858
874
897
923
960
996
988
888
867
870
887
909
944
982
997
929
870
864
883
899
927
966
995
990
883
866
863
883
905
939
978
996
927
870
862
876
896
923
962
994
988
883
863
867
889
910
943
985
997
924
872
858
877
899
925
965
996
989
883
866
870
887
908
944
984
997
924
869
860
878
900
925
964
998
984
879
867
862
881
908
941
982
996
922
870
862
881
897
927
967
995
978
884
862
865
889
908
944
984
997
917
869
858
875
897
929
965
993
984
886
865
874
890
911
946
985
995
918
869
865
880
901
930
969
998
980
880
867
867
884
905
942
982
994
919
868
860
880
900
927
969
995
987
880
862
869
887
913
947
986
997
916
870
862
881
900
930
967
996
986
883
865
868
890
911
945
987
997
912
868
862
878
901
931
968
997
977
875
861
867
884
908
946
985
996
913
871
861
882
901
929
969
997
968
876
863
868
887
913
948
987
996
907
868
857
879
898
929
971
994
968
884
865
871
892
914
950
987
996
908
867
866
882
901
935
972
997
967
875
860
869
886
908
946
985
992
909
869
861
879
903
929
969
999
977
874
863
871
889
914
950
989
996
905
869
862
884
901
929
974
996
977
880
864
869
890
914
949
989
997
906
867
865
881
902
935
971
996
968
875
859
865
887
910
946
989
995
905
872
863
882
904
932
971
998
963
874
860
871
890
912
952
988
995
901
868
857
881
901
931
972
997
958
878
866
873
891
917
953
989
995
901
864
866
884
901
935
973
997
956
876
860
868
888
910
947
987
992
903
868
863
880
901
932
973
996
970
873
859
875
891
914
953
991
995
901
869
862
883
902
933
973
998
968
875
866
871
890
914
951
989
994
901
866
862
882
903
935
977
997
958
876
860
866
887
912
950
989
995
899
870
863
885
903
936
974
997
956
873
861
870
892
915
954
990
994
896
868
862
882
905
935
974
998
952
878
863
877
892
918
955
991
993
895
864
863
888
904
936
977
997
950
872
860
870
887
912
951
988
992
896
865
866
883
903
936
976
996
958
873
859
875
893
917
955
993
993
893
870
865
883
905
935
975
996
958
874
861
874
892
915
956
991
992
896
865
862
884
905
937
976
998
943
872
860
867
887
913
953
991
996
893
867
866
886
904
936
977
997
946
874
862
870
892
919
955
994
993
890
870
863
882
903
936
977
996
946
877
863
875
894
918
959
991
992
894
864
863
885
904
937
978
997
946
874
860
870
888
914
952
988
992
895
865
866
883
903
935
977
995
956
873
861
874
895
918
956
994
994
894
869
866
884
901
935
976
996
957
874
860
875
892
914
957
991
992
895
866
862
881
904
937
975
997
944
872
861
868
888
915
951
990
993
894
867
864
887
904
935
977
998
946
875
863
871
893
917
955
992
995
893
866
864
883
903
937
978
996
946
878
862
875
894
920
956
994
992
891
865
864
884
905
938
977
997
945
873
859
871
888
913
954
989
990
895
866
863
883
905
935
979
997
954
874
861
875
892
922
958
992
996
894
866
867
885
903
935
976
996
954
874
860
872
895
919
955
994
992
894
868
864
881
905
938
977
997
943
874
858
871
888
914
956
990
993
894
869
864
887
906
937
978
998
946
872
867
873
892
923
957
991
995
890
864
861
884
903
936
979
996
941
877
863
874
895
922
957
994
992
889
862
864
884
903
938
979
997
942
873
856
873
890
913
955
989
989
892
868
864
882
907
937
979
997
945
871
862
877
892
923
959
993
992
890
866
864
886
903
937
979
996
947
874
862
872
893
922
958
992
994
893
863
866
883
905
939
978
996
935
873
858
871
893
920
957
994
992
889
870
867
887
906
939
979
999
940
871
864
876
894
918
961
992
992
891
864
862
884
905
939
978
996
939
875
865
876
894
925
959
992
993
889
862
864
887
905
938
980
996
938
876
857
872
892
915
955
993
989
890
865
865
883
906
938
980
997
944
871
859
880
894
921
961
994
991
888
866
865
884
905
939
978
998
942
871
863
873
891
920
959
993
991
892
864
863
885
906
940
983
997
933
874
859
871
891
921
959
992
992
886
869
869
888
906
942
980
998
939
870
863
877
894
921
958
994
989
885
864
862
882
909
938
980
997
937
874
865
876
896
922
959
992
990
887
862
865
888
908
939
983
996
934
876
858
873
889
917
958
991
989
888
865
868
884
907
941
980
996
943
872
860
877
894
921
959
994
990
885
866
866
885
909
939
980
998
940
872
860
873
891
918
959
993
990
890
865
864
887
907
940
983
997
929
870
859
872
891
920
959
992
992
885
867
868
889
906
942
980
997
932
870
863
871
893
919
958
995
988
882
867
863
883
908
939
980
995
936
873
863
878
895
920
962
993
990
888
864
865
888
907
940
981
997
933
873
859
872
890
919
957
991
991
887
864
865
884
908
938
980
996
939
871
859
877
897
922
959
996
991
884
867
865
885
906
940
980
996
941
872
862
875
893
918
961
992
991
890
862
864
886
907
940
982
998
931
872
860
872
891
922
959
992
994
888
866
865
888
906
939
979
997
937
872
862
871
895
919
958
995
991
885
864
863
883
904
937
978
995
940
875
861
879
895
919
961
992
990
886
865
864
885
907
940
980
999
936
872
857
873
889
917
955
990
989
891
864
863
883
906
938
982
996
943
873
860
876
896
921
960
992
992
888
863
865
883
904
941
980
996
949
873
860
875
893
917
958
994
992
889
864
864
884
908
940
978
999
937
870
861
871
891
917
957
992
992
891
866
864
889
906
937
980
997
940
873
862
870
892
921
957
993
993
888
865
865
883
903
939
978
995
945
876
861
876
895
920
957
992
990
888
868
866
886
908
940
979
999
942
873
857
873
889
913
956
989
990
893
866
863
884
907
937
979
997
946
870
861
876
893
921
959
992
992
890
864
866
885
904
939
978
996
948
875
861
872
894
918
957
994
992
888
865
864
884
907
939
979
997
937
871
858
871
889
915
958
992
992
891
868
862
887
906
939
978
1000
914
866
864
877
896
927
966
996
972
878
860
868
887
908
946
984
993
917
874
863
879
900
929
965
995
979
875
865
870
889
912
947
986
995
915
870
854
879
894
921
963
993
982
878
865
864
887
911
946
985
998
917
867
861
879
897
928
968
995
987
879
862
869
890
911
946
988
995
919
874
863
876
897
927
968
996
982
877
859
869
889
911
948
986
996
911
869
857
873
896
923
964
995
980
878
868
869
890
912
946
985
998
914
866
862
878
897
926
968
995
971
880
861
865
887
911
945
984
994
918
871
866
880
898
930
967
995
980
877
862
870
890
912
948
986
995
910
872
855
875
896
921
963
996
979
877
865
866
887
912
946
986
996
917
868
858
881
899
928
970
996
985
879
863
869
890
912
947
987
997
916
870
865
878
897
930
968
995
977
878
859
868
889
912
948
990
995
906
870
858
874
897
925
967
996
977
876
865
870
891
913
951
986
996
912
866
862
879
899
928
968
996
966
877
862
867
888
914
948
985
996
912
871
867
882
900
931
969
996
970
877
863
869
893
918
950
991
995
906
869
857
877
895
926
966
994
971
875
863
869
889
913
951
987
995
910
867
859
880
901
932
970
998
977
877
864
873
890
916
951
989
997
907
870
863
881
899
930
972
996
967
878
861
868
893
916
951
991
996
898
868
859
876
897
928
970
996
969
875
860
876
894
915
954
989
995
900
866
863
879
901
930
973
999
953
874
861
871
890
917
951
988
992
902
870
863
884
903
934
976
997
957
877
864
872
894
919
954
991
995
897
868
858
878
897
931
970
995
961
874
862
871
891
915
952
990
993
898
866
860
882
904
935
974
1000
932
872
860
878
896
925
963
994
989
887
865
868
886
906
941
986
997
929
873
860
874
899
927
963
994
991
879
865
863
880
904
941
980
996
930
871
861
882
899
926
962
995
987
882
865
864
885
912
942
982
999
925
870
861
877
896
923
963
993
988
888
867
868
890
910
943
985
996
926
871
864
877
896
927
964
994
988
879
863
867
883
904
941
980
994
930
870
859
874
897
923
963
995
988
878
864
868
887
911
944
984
1000
903
868
866
884
901
932
974
996
971
877
862
870
894
914
950
991
994
904
870
863
880
902
934
972
997
963
873
859
870
886
910
950
988
995
905
870
863
884
903
932
972
998
959
875
865
871
890
919
952
990
998
899
867
860
882
902
932
974
996
955
882
864
873
895
919
953
993
995
898
864
865
883
902
935
974
997
954
874
858
871
889
910
950
989
991
899
868
863
880
905
934
976
997
963
873
862
875
891
916
958
991
994
900
868
863
886
903
935
976
997
961
876
862
871
892
919
954
991
996
899
866
865
881
904
936
975
997
951
873
858
868
890
913
953
992
993
895
872
864
886
905
937
976
998
950
873
864
874
894
918
958
992
993
896
867
861
883
905
936
977
997
947
878
866
875
893
923
956
992
995
893
864
863
885
903
937
977
997
946
876
859
869
891
913
953
991
991
894
865
866
883
905
937
978
997
953
873
861
879
894
919
960
993
993
891
867
865
884
905
938
978
998
949
872
864
874
893
921
957
992
992
893
865
863
884
906
939
979
997
936
873
860
869
890
916
956
992
994
889
868
868
888
906
941
980
998
940
873
863
876
895
923
959
994
991
887
866
862
884
908
940
980
998
938
875
866
876
895
923
961
992
991
888
864
863
887
907
940
983
997
934
875
857
873
889
917
957
991
990
889
865
865
886
909
941
981
997
940
872
861
878
896
923
961
997
992
886
867
869
886
907
942
982
997
935
872
860
877
896
922
963
994
990
887
865
864
885
909
943
983
998
924
870
861
873
893
923
962
994
989
887
864
871
892
911
943
983
998
923
873
865
876
899
925
963
996
980
880
863
867
886
909
944
984
995
926
874
862
881
899
926
966
996
984
879
864
867
889
913
947
986
999
916
870
859
876
894
921
964
994
984
881
864
865
889
912
945
988
995
918
872
860
879
898
929
967
996
988
878
864
870
888
909
948
985
995
920
870
860
878
897
924
966
995
980
882
862
866
886
913
947
985
999
913
869
858
876
894
923
969
993
985
883
863
870
893
913
944
987
996
917
867
865
876
896
926
965
995
975
879
860
869
887
909
947
984
995
920
873
861
878
899
925
965
995
983
876
866
868
888
913
946
985
996
916
870
857
877
893
919
963
992
985
884
864
864
889
911
943
985
997
921
868
862
880
896
926
966
996
991
882
862
872
888
908
944
986
994
921
872
860
874
896
924
965
995
983
883
864
867
886
912
948
985
996
916
869
857
877
898
927
967
994
985
884
866
871
890
915
945
983
999
918
869
868
879
897
927
966
995
975
881
862
865
890
911
944
987
994
922
877
864
878
900
927
965
994
983
877
863
873
891
914
950
986
996
920
873
856
875
894
921
961
993
985
880
867
865
887
911
945
985
997
919
867
859
882
898
926
969
996
989
880
863
869
887
910
946
987
997
920
871
864
877
896
927
965
995
982
881
862
870
888
910
949
986
997
912
870
859
876
897
925
965
995
983
880
867
871
891
914
948
985
997
916
866
862
877
897
926
967
996
973
880
863
866
888
913
946
985
997
920
871
865
879
899
928
966
994
981
878
862
869
892
914
946
988
995
916
874
857
876
893
921
962
992
983
880
864
866
888
911
948
985
996
922
869
859
880
899
928
967
996
988
880
865
870
887
912
946
986
998
921
870
862
879
896
925
966
994
984
882
861
867
890
911
946
989
997
912
868
860
875
895
923
966
995
984
880
865
871
891
911
947
984
996
915
868
863
877
897
925
966
998
973
878
864
866
886
912
945
985
994
921
872
864
880
898
928
968
995
983
879
864
870
892
914
947
986
996
917
872
857
876
894
923
963
993
983
880
863
867
887
911
945
986
995
920
870
860
880
900
928
967
998
988
879
865
869
887
910
946
986
995
922
871
862
881
897
926
970
996
983
883
861
867
888
912
947
986
997
914
870
861
875
894
926
964
994
985
881
866
868
892
912
945
985
996
916
870
863
875
899
927
966
997
973
877
860
867
887
909
945
984
994
921
873
862
882
900
927
969
995
979
876
865
870
889
914
948
985
998
914
870
859
877
892
924
962
993
983
880
864
866
890
912
945
988
995
917
872
860
879
900
929
967
995
989
878
862
871
889
909
949
986
996
922
873
862
882
899
927
968
997
981
877
862
867
887
914
947
986
997
911
868
860
875
894
924
966
994
981
881
866
868
892
914
947
985
997
914
868
863
875
896
928
966
995
974
878
860
866
888
910
945
984
994
920
874
863
880
901
930
966
996
981
876
865
872
890
916
947
986
997
914
870
855
878
894
922
964
992
983
880
865
864
890
913
945
986
995
915
868
861
879
897
929
967
995
987
879
862
871
890
911
947
987
995
918
874
862
877
900
927
966
996
979
878
861
868
888
912
948
985
996
912
868
858
877
894
924
965
995
978
879
867
868
891
914
946
986
999
913
866
866
877
897
927
968
996
969
879
859
866
888
912
946
987
994
915
875
864
880
901
930
968
996
979
877
864
872
892
914
951
987
995
913
871
855
876
896
924
964
994
975
877
866
866
888
914
948
986
996
913
867
863
882
899
929
970
996
984
880
863
871
891
913
948
988
995
914
870
865
881
899
931
970
997
977
878
860
870
890
913
950
987
996
902
870
858
874
897
926
967
996
972
875
861
871
892
916
949
987
996
908
865
862
879
899
929
971
996
961
879
859
868
890
914
948
987
996
909
871
865
882
901
935
971
997
967
876
864
873
892
915
951
991
994
903
871
857
877
897
927
968
995
966
874
866
867
889
915
952
988
994
907
867
861
884
901
932
972
997
974
878
862
873
892
916
951
989
996
908
870
865
883
900
933
973
996
969
876
860
868
892
916
950
990
994
898
870
859
875
898
928
969
997
968
874
862
874
893
915
954
988
995
903
866
863
882
901
931
975
997
957
876
861
870
891
916
951
989
993
904
870
865
883
903
937
973
997
959
874
863
874
893
917
954
990
993
897
870
857
878
898
928
969
995
959
873
865
867
889
918
952
989
993
901
866
861
884
902
932
976
998
966
879
860
874
895
916
953
990
995
902
868
865
882
900
934
974
997
963
875
861
872
892
918
952
992
994
894
869
858
875
899
930
972
997
962
874
863
875
894
917
954
990
995
899
866
864
883
903
934
976
997
952
879
860
872
892
918
953
989
993
901
870
865
883
903
937
973
997
959
873
863
873
893
917
954
990
993
897
869
858
879
898
929
969
996
956
873
865
868
889
918
954
990
995
899
866
862
886
902
933
975
997
963
877
861
874
894
917
953
991
995
899
867
867
882
900
934
973
996
960
876
861
869
892
916
952
993
994
893
870
857
876
901
930
974
996
960
874
860
875
894
917
957
991
994
899
866
865
883
902
933
976
998
950
877
860
871
894
918
954
990
992
901
869
863
882
903
936
974
996
955
872
863
876
893
918
954
992
993
894
869
858
879
899
931
970
995
956
873
863
869
891
917
956
990
993
901
866
863
884
903
934
975
998
963
876
862
875
892
919
953
990
995
900
867
864
882
900
932
974
996
961
878

1735
