0	388.314
0.576701	0.00734609
1.1534	0.0134555
1.7301	0.0108967
2.30681	0.00936634
2.88351	0.00724601
3.46021	0.0084071
4.03691	0.0103584
4.61361	0.00802257
5.19031	0.00918713
5.76701	0.00680299
6.34371	0.00766765
6.92042	0.00201877
7.49712	0.00712481
8.07382	0.00305769
8.65052	0.0139725
9.22722	0.0176392
9.80392	0.017856
10.3806	0.00488449
10.9573	0.000600171
11.534	0.00899777
12.1107	0.0104574
12.6874	0.0035529
13.2641	0.00916356
13.8408	0.0103051
14.4175	0.0109131
14.9942	0.0143272
15.5709	0.000221831
16.1476	0.0171112
16.7243	0.0148574
17.301	0.0330808
17.8777	0.0320125
18.4544	0.0578646
19.0311	0.0656035
19.6078	0.00908921
20.1845	0.00774871
20.7612	0.00699779
21.3379	0.00542915
21.9146	0.0121247
22.4913	0.0067548
23.0681	0.0102839
23.6448	0.00340613
24.2215	0.00377159
24.7982	0.0114493
25.3749	0.00552597
25.9516	0.00524976
26.5283	0.00661258
27.105	0.036677
27.6817	0.0374305
28.2584	0.0148422
28.8351	0.0132727
29.4118	0.0168815
29.9885	0.00790829
30.5652	0.0100065
31.1419	0.00891996
31.7186	0.0125328
32.2953	0.00239371
32.872	0.0237164
33.4487	0.00432646
34.0254	0.0137562
34.6021	0.00990885
35.1788	0.0146098
35.7555	0.00481474
36.3322	0.0286179
36.9089	0.0280591
37.4856	0.0136262
38.0623	0.0177247
38.639	0.0205946
39.2157	0.0142181
39.7924	0.00881903
40.3691	0.0151583
40.9458	0.0222995
41.5225	0.00903003
42.0992	0.0200014
42.6759	0.0167339
43.2526	0.0165354
43.8293	0.0169666
44.406	0.0201846
44.9827	0.0264596
45.5594	0.0470941
46.1361	0.00555589
46.7128	0.0275041
47.2895	0.0222522
47.8662	0.0287534
48.4429	0.0165886
49.0196	0.0301864
49.5963	0.0211503
50.173	0.046676
50.7497	0.0387588
51.3264	0.025133
51.9031	0.0280471
52.4798	0.0304712
53.0565	0.0301451
53.6332	0.0278164
54.2099	0.0296743
54.7866	0.0605484
55.3633	0.022363
55.94	0.0398821
56.5167	0.0351225
57.0934	0.03117
57.6701	0.0349662
58.2468	0.0316835
58.8235	0.0326203
59.4002	0.0334844
59.9769	0.0390189
60.5536	0.0408904
61.1303	0.0279868
61.707	0.0381368
62.2837	0.0396639
62.8604	0.0413827
63.4371	0.05971
64.0138	0.0459014
64.5905	0.0443592
65.1672	0.0489658
65.7439	0.0429273
66.3206	0.043044
66.8973	0.0409028
67.474	0.0467763
68.0507	0.0525766
68.6275	0.0458519
69.2042	0.0514747
69.7809	0.0492519
70.3576	0.0573892
70.9343	0.0530575
71.511	0.0561618
72.0877	0.0710362
72.6644	0.104406
73.2411	0.022709
73.8178	0.0464326
74.3945	0.0486795
74.9712	0.0541417
75.5479	0.0521561
76.1246	0.071296
76.7013	0.0399584
77.278	0.0548552
77.8547	0.0583706
78.4314	0.0548235
79.0081	0.0567185
79.5848	0.0644395
80.1615	0.0636082
80.7382	0.0654893
81.3149	0.0772502
81.8916	0.0407433
82.4683	0.0894174
83.045	0.0678859
83.6217	0.0727587
84.1984	0.0804463
84.7751	0.0790517
85.3518	0.0761011
85.9285	0.0827485
86.5052	0.0835617
87.0819	0.0862987
87.6586	0.0803342
88.2353	0.0875018
88.812	0.0869048
89.3887	0.0852175
89.9654	0.0840912
90.5421	0.0910686
91.1188	0.0722453
91.6955	0.102351
92.2722	0.0965202
92.8489	0.101686
93.4256	0.107543
94.0023	0.101889
94.579	0.110454
95.1557	0.118181
95.7324	0.12489
96.3091	0.119977
96.8858	0.124874
97.4625	0.124254
98.0392	0.126153
98.6159	0.140852
99.1926	0.148483
99.7693	0.143301
100.346	0.20281
100.923	0.158337
101.499	0.175516
102.076	0.186043
102.653	0.195892
103.23	0.21421
103.806	0.225555
104.383	0.240445
104.96	0.256288
105.536	0.288368
106.113	0.342462
106.69	0.404106
107.266	0.503779
107.843	0.676037
108.42	1.13597
108.997	2.36681
109.573	4.67484
110.15	0.969361
110.727	0.636838
111.303	0.42373
111.88	0.312957
112.457	0.247175
113.033	0.199559
113.61	0.164538
114.187	0.127605
114.764	0.116025
115.34	0.0922165
115.917	0.0895323
116.494	0.0734132
117.07	0.0633696
117.647	0.0455745
118.224	0.0737853
118.8	0.0565684
119.377	0.0334043
119.954	0.0247145
120.531	0.0258047
121.107	0.00908873
121.684	0.0177018
122.261	0.0163805
122.837	0.0111508
123.414	0.00325436
123.991	0.00883774
124.567	0.00997429
125.144	0.00611668
125.721	0.00490883
126.298	0.00990435
126.874	0.00817466
127.451	0.00265674
128.028	0.0154693
128.604	0.0140583
129.181	0.0140199
129.758	0.02105
130.334	0.0202151
130.911	0.0132492
131.488	0.0208724
132.065	0.0160962
132.641	0.0212531
133.218	0.0314952
133.795	0.0232285
134.371	0.024707
134.948	0.0228813
135.525	0.0170843
136.101	0.0483204
136.678	0.0461232
137.255	0.0246386
137.832	0.0299569
138.408	0.0252877
138.985	0.0192508
139.562	0.0288907
140.138	0.0228519
140.715	0.0204849
141.292	0.0229313
141.869	0.0292608
142.445	0.0343433
143.022	0.027181
143.599	0.0234344
144.175	0.0194197
144.752	0.0300629
145.329	0.0211269
145.905	0.119037
146.482	0.034994
147.059	0.0454114
147.636	0.0355039
148.212	0.0330703
148.789	0.0377962
149.366	0.0397862
149.942	0.0365647
150.519	0.037492
151.096	0.0281743
151.672	0.0325263
152.249	0.0352899
152.826	0.0319526
153.403	0.035647
153.979	0.0328539
154.556	0.0370848
155.133	0.0263893
155.709	0.0295346
156.286	0.0249589
156.863	0.0347841
157.439	0.038488
158.016	0.0287694
158.593	0.0242956
159.17	0.0423645
159.746	0.0338654
160.323	0.0301002
160.9	0.0283337
161.476	0.0284447
162.053	0.0363258
162.63	0.0366944
163.206	0.0355502
163.783	0.0211487
164.36	0.0364272
164.937	0.0345444
165.513	0.0283015
166.09	0.0290781
166.667	0.034506
167.243	0.0280098
167.82	0.0225045
168.397	0.0314025
168.973	0.0329969
169.55	0.0298404
170.127	0.0222723
170.704	0.0333967
171.28	0.034547
171.857	0.04513
172.434	0.042909
173.01	0.0616909
173.587	0.00916244
174.164	0.022913
174.74	0.0313621
175.317	0.0261659
175.894	0.0205076
176.471	0.0272879
177.047	0.0160338
177.624	0.0236518
178.201	0.0161407
178.777	0.0308932
179.354	0.0206438
179.931	0.0204285
180.507	0.0183682
181.084	0.0160116
181.661	0.0140623
182.238	0.0470456
182.814	0.0258467
183.391	0.0115053
183.968	0.0260432
184.544	0.0194868
185.121	0.0219066
185.698	0.0344258
186.275	0.0113549
186.851	0.0165488
187.428	0.0187141
188.005	0.0148038
188.581	0.0164901
189.158	0.016138
189.735	0.0117923
190.311	0.0161204
190.888	0.015154
191.465	0.0406185
192.042	0.0147551
192.618	0.0216446
193.195	0.016995
193.772	0.0198193
194.348	0.0117124
194.925	0.0143744
195.502	0.00580251
196.078	0.0117551
196.655	0.00234948
197.232	0.00861762
197.809	0.00619527
198.385	0.00583573
198.962	0.00983533
199.539	0.00978766
200.115	0.0140929
200.692	0.038449
201.269	0.010801
201.845	0.00690752
202.422	0.00660965
202.999	0.00596542
203.576	0.00331966
204.152	0.00494617
204.729	0.00952609
205.306	0.00833766
205.882	0.0114264
206.459	0.011019
207.036	0.00672435
207.612	0.0127698
208.189	0.0147315
208.766	0.0181124
209.343	0.0286363
209.919	0.0506369
210.496	0.0206789
211.073	0.0252517
211.649	0.0427003
212.226	0.0341261
212.803	0.0382308
213.379	0.0447795
213.956	0.0553439
214.533	0.060194
215.11	0.0698471
215.686	0.0959363
216.263	0.108691
216.84	0.150111
217.416	0.223159
217.993	0.51795
218.57	1.70025
219.146	0.914218
219.723	0.265428
220.3	0.215995
220.877	0.152089
221.453	0.123753
222.03	0.100926
222.607	0.0895271
223.183	0.0804593
223.76	0.0695828
224.337	0.063811
224.913	0.0517479
225.49	0.0556887
226.067	0.0452645
226.644	0.0481786
227.22	0.0444848
227.797	0.067986
228.374	0.0352264
228.95	0.0391079
229.527	0.0358629
230.104	0.0260965
230.681	0.0337938
231.257	0.0372957
231.834	0.0233596
232.411	0.0298691
232.987	0.024198
233.564	0.0304903
234.141	0.025398
234.717	0.0327762
235.294	0.0279398
235.871	0.0209726
236.448	0.0156351
237.024	0.020828
237.601	0.0230264
238.178	0.0226225
238.754	0.0191844
239.331	0.0220705
239.908	0.0129054
240.484	0.0294811
241.061	0.0185631
241.638	0.0164789
242.215	0.0102864
242.791	0.0143322
243.368	0.0114147
243.945	0.0134391
244.521	0.0106795
245.098	0.0267072
245.675	0.0154067
246.251	0.0460326
246.828	0.0245274
247.405	0.018313
247.982	0.0135028
248.558	0.0172587
249.135	0.0150426
249.712	0.0171075
250.288	0.0163174
250.865	0.00760633
251.442	0.019123
252.018	0.0122378
252.595	0.00971289
253.172	0.010781
253.749	0.0111248
254.325	0.0311161
254.902	0.0411216
255.479	0.0380712
256.055	0.00458082
256.632	0.00520246
257.209	0.00802971
257.785	0.0103487
258.362	0.00647162
258.939	0.00523321
259.516	0.00238139
260.092	0.00680069
260.669	0.00552212
261.246	0.00308236
261.822	0.0084594
262.399	0.00859958
262.976	0.0108078
263.552	0.0223159
264.129	0.0196037
264.706	0.0175584
265.283	0.0118408
265.859	0.0107091
266.436	0.00398735
267.013	0.00952355
267.589	0.0103518
268.166	0.00456095
268.743	0.00397183
269.319	0.00890251
269.896	0.00521365
270.473	0.0054638
271.05	0.00693256
271.626	0.00272712
272.203	0.00892099
272.78	0.00519752
273.356	0.0146964
273.933	0.00601631
274.51	0.00513122
275.087	0.00981246
275.663	0.00248438
276.24	0.00451487
276.817	0.00978805
277.393	0.00372418
277.97	0.00412739
278.547	0.00208513
279.123	0.00220112
279.7	0.00572517
280.277	0.00230964
280.854	0.00350231
281.43	0.0103801
282.007	0.00680296
282.584	0.0393197
283.16	0.0135538
283.737	0.00901577
284.314	0.00370624
284.89	0.0122861
285.467	0.00836844
286.044	0.0119692
286.621	0.00569841
287.197	0.00597283
287.774	0.00536257
288.351	0.0100426
288.927	0.0077784
289.504	0.0137903
290.081	0.0133251
290.657	0.0157747
291.234	0.0170554
291.811	0.0648851
292.388	0.0120298
292.964	0.0102907
293.541	0.00795849
294.118	0.0091163
294.694	0.00751582
295.271	0.0121625
295.848	0.00398696
296.424	0.00489748
297.001	0.00511207
297.578	0.00683559
298.155	0.00643979
298.731	0.00525145
299.308	0.00663387
299.885	0.00549733
300.461	0.0219292
301.038	0.0144126
301.615	0.00101942
302.191	0.00481653
302.768	0.00791807
303.345	0.00282176
303.922	0.00330184
304.498	0.000362608
305.075	0.00513099
305.652	0.00545052
306.228	0.00464681
306.805	0.00760547
307.382	0.00372932
307.958	0.00960603
308.535	0.00680913
309.112	0.00180785
309.689	0.0159137
310.265	0.0212778
310.842	0.0120387
311.419	0.0156279
311.995	0.00476076
312.572	0.00608268
313.149	0.00405914
313.725	0.00253315
314.302	0.00493781
314.879	0.0130763
315.456	0.00621467
316.032	0.00783562
316.609	0.00996893
317.186	0.0133355
317.762	0.00911615
318.339	0.0196978
318.916	0.04422
319.493	0.0103871
320.069	0.00594199
320.646	0.00995135
321.223	0.00918489
321.799	0.0143857
322.376	0.0106038
322.953	0.00580269
323.529	0.0114313
324.106	0.00858234
324.683	0.0143909
325.26	0.00563342
325.836	0.013674
326.413	0.0132485
326.99	0.0310464
327.566	0.035396
328.143	0.701937
328.72	0.0418369
329.296	0.0274189
329.873	0.0104704
330.45	0.0125283
331.027	0.00663132
331.603	0.00896553
332.18	0.00936467
332.757	0.00633767
333.333	0.00260175
333.91	0.0012017
334.487	0.00825942
335.063	0.0130863
335.64	0.00842692
336.217	0.00532871
336.794	0.0122614
337.37	0.0271978
337.947	0.00145158
338.524	0.00470458
339.1	0.00337119
339.677	0.00851242
340.254	0.00918183
340.83	0.00372853
341.407	0.00294313
341.984	0.0076732
342.561	0.011713
343.137	0.00576498
343.714	0.00604789
344.291	0.0100196
344.867	0.00867376
345.444	0.0149032
346.021	0.0203669
346.597	0.0262614
347.174	0.00854636
347.751	0.00358612
348.328	0.00302593
348.904	0.00358793
349.481	0.00404555
350.058	0.00393715
350.634	0.00396057
351.211	0.00529223
351.788	0.0017205
352.364	0.00528209
352.941	0.00501567
353.518	0.00570593
354.095	0.0056149
354.671	0.00544147
355.248	0.0218152
355.825	0.0188994
356.401	0.00426989
356.978	0.00259219
357.555	0.00356716
358.131	0.00332139
358.708	0.00566438
359.285	0.000306334
359.862	0.00954893
360.438	0.00539734
361.015	0.0230794
361.592	0.0066154
362.168	0.0030258
362.745	0.00991354
363.322	0.00526871
363.899	0.014707
364.475	0.040179
365.052	0.00772129
365.629	0.00175455
366.205	0.00647563
366.782	0.0031362
367.359	0.0113195
367.935	0.00700853
368.512	0.00507071
369.089	0.00831017
369.666	0.00188835
370.242	0.00522093
370.819	0.00289782
371.396	0.00504324
371.972	0.010196
372.549	0.00857049
373.126	0.0032558
373.702	0.0148685
374.279	0.00425712
374.856	0.00677349
375.433	0.0069574
376.009	0.00762106
376.586	0.00587407
377.163	0.00601895
377.739	0.00610471
378.316	0.00345227
378.893	0.0102907
379.469	0.00458831
380.046	0.00472837
380.623	0.00898141
381.2	0.00368531
381.776	0.0051637
382.353	0.0103264
382.93	0.0121206
383.506	0.0062605
384.083	0.00284245
384.66	0.00464761
385.236	0.0114648
385.813	0.00591282
386.39	0.0121746
386.967	0.00565184
387.543	0.00263589
388.12	0.00201958
388.697	0.00536472
389.273	0.00262779
389.85	0.00889864
390.427	0.00532536
391.003	0.00541785
391.58	0.0164326
392.157	0.0200822
392.734	0.0142522
393.31	0.0112035
393.887	0.00368569
394.464	0.00196111
395.04	0.00280779
395.617	0.00221447
396.194	0.000917436
396.77	0.00406087
397.347	0.00409869
397.924	0.00380396
398.501	0.00856849
399.077	0.00177897
399.654	0.00105968
400.231	0.0126099
400.807	0.0238106
401.384	0.0149266
401.961	0.0203926
402.537	0.00930868
403.114	0.0112483
403.691	0.00278363
404.268	0.00274442
404.844	0.0229107
405.421	0.00400432
405.998	0.00643459
406.574	0.00187114
407.151	0.00410724
407.728	0.00331169
408.304	0.0115835
408.881	0.0102583
409.458	0.00087617
410.035	0.0109047
410.611	0.00524097
411.188	0.00828887
411.765	0.00948697
412.341	0.0115794
412.918	0.0109834
413.495	0.00849684
414.072	0.00402957
414.648	0.00426644
415.225	0.0106019
415.802	0.00738487
416.378	0.00284883
416.955	0.0074479
417.532	0.00451658
418.108	0.00508561
418.685	0.00448094
419.262	0.0218832
419.839	0.00560441
420.415	0.00725917
420.992	0.00452933
421.569	0.00418391
422.145	0.00259754
422.722	0.00969494
423.299	0.00220895
423.875	0.0090222
424.452	0.00859318
425.029	0.0056885
425.606	0.00917938
426.182	0.008835
426.759	0.00778717
427.336	0.00644219
427.912	0.00682292
428.489	0.0314246
429.066	0.000933169
429.642	0.0132544
430.219	0.0182935
430.796	0.0121495
431.373	0.0228119
431.949	0.0117096
432.526	0.00575089
433.103	0.0246168
433.679	0.0167687
434.256	0.0217954
434.833	0.0311733
435.409	0.035656
435.986	0.0455288
436.563	0.0925532
437.14	0.14726
437.716	0.317688
438.293	0.0374664
438.87	0.0629499
439.446	0.0397139
440.023	0.0277907
440.6	0.0133708
441.176	0.0178192
441.753	0.0135481
442.33	0.0118522
442.907	0.0102122
443.483	0.0094034
444.06	0.0139216
444.637	0.00925954
445.213	0.00561123
445.79	0.00139348
446.367	0.0273975
446.943	0.0180751
447.52	0.00860597
448.097	0.00342757
448.674	0.00557607
449.25	0.00867463
449.827	0.00787395
450.404	0.00728454
450.98	0.00748765
451.557	0.000546927
452.134	0.011118
452.71	0.00693116
453.287	0.00540099
453.864	0.00281813
454.441	0.0109985
455.017	0.00983201
455.594	0.0229426
456.171	0.00316909
456.747	0.00736891
457.324	0.00241246
457.901	0.0131129
458.478	0.00606629
459.054	0.00632602
459.631	0.0113624
460.208	0.0018716
460.784	0.0077201
461.361	0.00612241
461.938	0.00939057
462.514	0.00250743
463.091	0.00567567
463.668	0.00480578
464.245	0.00846328
464.821	0.00723564
465.398	0.00655135
465.975	0.00186336
466.551	0.00212136
467.128	0.00645868
467.705	0.0012703
468.281	0.0108098
468.858	0.0069087
469.435	0.00657105
470.012	0.00466481
470.588	0.00921513
471.165	0.00602866
471.742	0.00378244
472.318	0.00487961
472.895	0.00999667
473.472	0.00343524
474.048	0.000876635
474.625	0.00361571
475.202	0.00533904
475.779	0.00503126
476.355	0.00188582
476.932	0.00912863
477.509	0.0080793
478.085	0.00692278
478.662	0.00295033
479.239	0.0055916
479.815	0.0047238
480.392	0.00146448
480.969	0.00408166
481.546	0.00557098
482.122	0.00723463
482.699	0.00457808
483.276	0.00985542
483.852	0.00652683
484.429	0.00224721
485.006	0.00600236
485.582	0.00264307
486.159	0.00874597
486.736	0.00593568
487.313	0.0076409
487.889	0.00580482
488.466	0.00298921
489.043	0.00536549
489.619	0.00646235
490.196	0.00731816
490.773	0.00343016
491.349	0.00805827
491.926	0.00951057
492.503	0.0172113
493.08	0.00291611
493.656	0.00996267
494.233	0.00620563
494.81	0.00899721
495.386	0.00749222
495.963	0.0099601
496.54	0.000478312
497.116	0.00317078
497.693	0.00708942
498.27	0.0085738
498.847	0.00969445
499.423	0.00248791
500	0.0105184
500.577	0.0128812
501.153	0.00917108
501.73	0.00700104
502.307	0.00567057
502.884	0.0123605
503.46	0.0123778
504.037	0.00314709
504.614	0.0102895
505.19	0.0110452
505.767	0.00178403
506.344	0.00952706
506.92	0.00870073
507.497	0.00702193
508.074	0.00308708
508.651	0.00600412
509.227	0.0122406
509.804	0.00827019
510.381	0.0168929
510.957	0.0107107
511.534	0.00909141
512.111	0.0157015
512.687	0.0112453
513.264	0.00451359
513.841	0.0121343
514.418	0.0138303
514.994	0.00186818
515.571	0.0148516
516.148	0.00336065
516.724	0.00696614
517.301	0.00367054
517.878	0.00661943
518.454	0.00298354
519.031	0.0030185
519.608	0.0148851
520.185	0.0040714
520.761	0.013659
521.338	0.0105121
521.915	0.00139507
522.491	0.00145751
523.068	0.00890388
523.645	0.00489591
524.221	0.0113459
524.798	0.00500172
525.375	0.00927141
525.952	0.0051723
526.528	0.00134542
527.105	0.00884397
527.682	0.00813171
528.258	0.0120806
528.835	0.0317855
529.412	0.0118937
529.988	0.00701651
530.565	0.00467319
531.142	0.0070566
531.719	0.00142251
532.295	0.00983034
532.872	0.00357308
533.449	0.00181935
534.025	0.0111368
534.602	0.00283339
535.179	0.000717089
535.755	0.0067649
536.332	0.00412663
536.909	0.0119124
537.486	0.00947525
538.062	0.0259282
538.639	0.00641019
539.216	0.00779837
539.792	0.00422556
540.369	0.00917118
540.946	0.00396328
541.522	0.00286091
542.099	0.00804982
542.676	0.00879474
543.253	0.00526666
543.829	0.00676394
544.406	0.0248009
544.983	0.0224194
545.559	0.0317309
546.136	0.105737
546.713	0.26185
547.29	0.147812
547.866	0.0132308
548.443	0.0341859
549.02	0.0254075
549.596	0.0135467
550.173	0.00835784
550.75	0.0148071
551.326	0.0183527
551.903	0.0168916
552.48	0.00663207
553.057	0.00489913
553.633	0.00961108
554.21	0.0123035
554.787	0.0129602
555.363	0.018889
555.94	0.0324391
556.517	0.0114047
557.093	0.00552567
557.67	0.00699097
558.247	0.0127781
558.824	0.00348774
559.4	0.00670299
559.977	0.000330688
560.554	0.00689382
561.13	0.00216783
561.707	0.00635671
562.284	0.00589933
562.86	0.00544408
563.437	0.00688606
564.014	0.00345502
564.591	0.00705351
565.167	0.0113563
565.744	0.00795649
566.321	0.00569246
566.897	0.00862589
567.474	0.00554412
568.051	0.00917303
568.627	0.00525174
569.204	0.00110041
569.781	0.0030826
570.358	0.00584285
570.934	0.00978342
571.511	0.00605487
572.088	0.00619338
572.664	0.00547053
573.241	0.00895519
573.818	0.0038098
574.394	0.0121425
574.971	0.00385414
575.548	0.00280062
576.125	0.00476107
576.701	0.00832911
577.278	0.00603529
577.855	0.00480368
578.431	0.00640176
579.008	0.00921229
579.585	0.005039
580.161	0.00421869
580.738	0.00825274
581.315	0.00580077
581.892	0.00917742
582.468	0.01124
583.045	0.0175042
583.622	0.0131063
584.198	0.00276777
584.775	0.00604103
585.352	0.01053
585.928	0.0059398
586.505	0.00210356
587.082	0.00637402
587.659	0.00407661
588.235	0.00570373
588.812	0.00640882
589.389	0.00276326
589.965	0.011429
590.542	0.00471871
591.119	0.0190056
591.696	0.00173419
592.272	0.0112149
592.849	0.0011121
593.426	0.00319496
594.002	0.00339026
594.579	0.00542582
595.156	0.00747222
595.732	0.00823178
596.309	0.00354398
596.886	0.00253173
597.463	0.00297122
598.039	0.0058543
598.616	0.00661982
599.193	0.00616749
599.769	0.00150487
600.346	0.00740449
600.923	0.00775019
601.499	0.00567106
602.076	0.00214181
602.653	0.00621107
603.23	0.00614696
603.806	0.00376207
604.383	0.00357652
604.96	0.00680247
605.536	0.00401049
606.113	0.00118888
606.69	0.00577015
607.266	0.00952724
607.843	0.00696817
608.42	0.00847977
608.997	0.00685942
609.573	0.0024418
610.15	0.00610041
610.727	0.022237
611.303	0.00547876
611.88	0.0026288
612.457	0.00613652
613.033	0.00520264
613.61	0.00557767
614.187	0.00834037
614.764	0.00216737
615.34	0.00160854
615.917	0.00867105
616.494	0.00311391
617.07	0.00595576
617.647	0.00155198
618.224	0.00390961
618.8	0.00980654
619.377	0.0111062
619.954	0.016495
620.531	0.00121508
621.107	0.00830334
621.684	0.00494619
622.261	0.00287534
622.837	0.0126777
623.414	0.0173598
623.991	0.00573145
624.567	0.00587999
625.144	0.00505032
625.721	0.00502044
626.298	0.00409346
626.874	0.00853731
627.451	0.00565496
628.028	0.0161916
628.604	0.0131562
629.181	0.0145602
629.758	0.00914187
630.334	0.00969895
630.911	0.00619419
631.488	0.0105489
632.065	0.00345794
632.641	0.00434737
633.218	0.00423109
633.795	0.00995253
634.371	0.00571443
634.948	0.0100041
635.525	0.00128446
636.101	0.00709715
636.678	0.0120711
637.255	0.0165606
637.832	0.0325846
638.408	0.0220757
638.985	0.00118249
639.562	0.00526275
640.138	0.0130407
640.715	0.00500726
641.292	0.00538567
641.869	0.0027956
642.445	0.00682086
643.022	0.000507801
643.599	0.00769945
644.175	0.00854643
644.752	0.00459111
645.329	0.00285367
645.905	0.00928314
646.482	0.00693902
647.059	0.0400994
647.636	0.0133101
648.212	0.00626416
648.789	0.0063605
649.366	0.0103377
649.942	0.00362163
650.519	0.00494997
651.096	0.00741386
651.672	0.00503858
652.249	0.00569671
652.826	0.01076
653.403	0.00372409
653.979	0.0151522
654.556	0.0174308
655.133	0.0168553
655.709	0.019373
656.286	0.20523
656.863	0.0277757
657.439	0.016739
658.016	0.00169128
658.593	0.00341086
659.17	0.0119902
659.746	0.00324947
660.323	0.00510689
660.9	0.00225309
661.476	0.00261831
662.053	0.00252049
662.63	0.00735358
663.206	0.0149411
663.783	0.00336413
664.36	0.0123593
664.937	0.00300724
665.513	0.0402756
666.09	0.00218746
666.667	0.00556126
667.243	0.00501327
667.82	0.00297065
668.397	0.00188216
668.973	0.00586752
669.55	0.00156796
670.127	0.00349316
670.704	0.00542827
671.28	0.0076486
671.857	0.00298185
672.434	0.00144716
673.01	0.00734082
673.587	0.00854448
674.164	0.013784
674.74	0.014079
675.317	0.0102466
675.894	0.0106276
676.471	0.00322913
677.047	0.00452914
677.624	0.00312414
678.201	0.00818956
678.777	0.00152716
679.354	0.00971607
679.931	0.00227317
680.507	0.00908898
681.084	0.00749393
681.661	0.00567574
682.238	0.00290747
682.814	0.00460596
683.391	0.00613327
683.968	0.00723194
684.544	0.0100975
685.121	0.00414184
685.698	0.00289059
686.275	0.00333853
686.851	0.00404232
687.428	0.00840745
688.005	0.00240508
688.581	0.00356924
689.158	0.00209544
689.735	0.00564233
690.311	0.00664676
690.888	0.00416311
691.465	0.0102802
692.042	0.0159738
692.618	0.0254402
693.195	0.00430521
693.772	0.00574964
694.348	0.00330557
694.925	0.00481198
695.502	0.00510489
696.078	0.00354178
696.655	0.00793098
697.232	0.00643374
697.809	0.00560174
698.385	0.00546214
698.962	0.00381328
699.539	0.0108224
700.115	0.014338
700.692	0.0052986
701.269	0.0049488
701.845	0.0131253
702.422	0.00251043
702.999	0.00762188
703.576	0.00652602
704.152	0.00294989
704.729	0.0036452
705.306	0.00961021
705.882	0.00428851
706.459	0.00420326
707.036	0.00451911
707.612	0.00838516
708.189	0.00728044
708.766	0.0087651
709.343	0.00828275
709.919	0.0103323
710.496	0.00296104
711.073	0.00741719
711.649	0.00575923
712.226	0.00815761
712.803	0.00588207
713.379	0.00833632
713.956	0.00340115
714.533	0.00856766
715.11	0.00457455
715.686	0.0077506
716.263	0.00785573
716.84	0.00371976
717.416	0.00666811
717.993	0.00364223
718.57	0.0074215
719.146	0.0117777
719.723	0.0120573
720.3	0.017687
720.877	0.0142128
721.453	0.00492671
722.03	0.0125453
722.607	0.00513397
723.183	0.0098955
723.76	0.00749282
724.337	0.00202369
724.913	0.00291642
725.49	0.00512436
726.067	0.00476018
726.644	0.0145636
727.22	0.00810371
727.797	0.00695148
728.374	0.00440391
728.95	0.0147088
729.527	0.0154099
730.104	0.00681283
730.681	0.0129725
731.257	0.0068839
731.834	0.00713394
732.411	0.0107034
732.987	0.00498568
733.564	0.00426624
734.141	0.00337459
734.717	0.0115021
735.294	0.00801921
735.871	0.00407802
736.448	0.00140097
737.024	0.00376882
737.601	0.00486459
738.178	0.0173761
738.754	0.00840991
739.331	0.00647022
739.908	0.00592883
740.484	0.00863514
741.061	0.00212375
741.638	0.00298132
742.215	0.00641476
742.791	0.0062903
743.368	0.00616021
743.945	0.00667659
744.521	0.00161779
745.098	0.00415583
745.675	0.00471684
746.251	0.000371722
746.828	0.00879885
747.405	0.0198764
747.982	0.000602076
748.558	0.00366774
749.135	0.00524574
749.712	0.00639216
750.288	0.00564487
750.865	0.00432092
751.442	0.00621403
752.018	0.00742918
752.595	0.00421284
753.172	0.00924058
753.749	0.00184172
754.325	0.00357248
754.902	0.00616831
755.479	0.00259068
756.055	0.00337415
756.632	0.0363809
757.209	0.000199659
757.785	0.00902717
758.362	0.0022336
758.939	0.0133882
759.516	0.0132962
760.092	0.00848782
760.669	0.0120034
761.246	0.00971399
761.822	0.00941623
762.399	0.00830933
762.976	0.0197031
763.552	0.0191473
764.129	0.0192746
764.706	0.0443954
765.283	0.047811
765.859	0.105814
766.436	0.00699935
767.013	0.0205499
767.589	0.0168699
768.166	0.00938017
768.743	0.00595056
769.319	0.0075648
769.896	0.00872559
770.473	0.0059751
771.05	0.00710645
771.626	0.00583684
772.203	0.00403734
772.78	0.00235947
773.356	0.00942136
773.933	0.0175703
774.51	0.0162796
775.087	0.0220651
775.663	0.00293122
776.24	0.00349135
776.817	0.00901264
777.393	0.00490343
777.97	0.00393416
778.547	0.0021468
779.123	0.0064315
779.7	0.00749099
780.277	0.00415627
780.854	0.00542614
781.43	0.00635689
782.007	0.00250586
782.584	0.00698872
783.16	0.00694554
783.737	0.0230685
784.314	0.020202
784.89	0.0109224
785.467	0.0134254
786.044	0.00312472
786.621	0.00680473
787.197	0.00645613
787.774	0.00911064
788.351	0.00242808
788.927	0.00250146
789.504	0.00171877
790.081	0.00388827
790.657	0.00376635
791.234	0.00750015
791.811	0.0035376
792.388	0.00991921
792.964	0.0045843
793.541	0.000382155
794.118	0.00274747
794.694	0.00767345
795.271	0.00718699
795.848	0.00591014
796.424	0.0055158
797.001	0.00436534
797.578	0.00272141
798.155	0.00729365
798.731	0.00790492
799.308	0.00278712
799.885	0.0065166
800.461	0.0016585
801.038	0.0024963
801.615	0.0027278
802.191	0.0139299
802.768	0.00242228
803.345	0.00485471
803.922	0.00320629
804.498	0.00144784
805.075	0.00592597
805.652	0.000907971
806.228	0.00232835
806.805	0.00645816
807.382	0.0042083
807.958	0.00388937
808.535	0.00275826
809.112	0.00593715
809.689	0.00857328
810.265	0.00238508
810.842	0.0134715
811.419	0.0109656
811.995	0.00140761
812.572	0.00159259
813.149	0.00747331
813.725	0.00230192
814.302	0.00438515
814.879	0.00968911
815.456	0.00808633
816.032	0.00446134
816.609	0.00250593
817.186	0.00515624
817.762	0.00173352
818.339	0.00740503
818.916	0.00784313
819.493	0.00880901
820.069	0.0107657
820.646	0.0145878
821.223	0.00171173
821.799	0.0103147
822.376	0.011164
822.953	0.0020469
823.529	0.00539726
824.106	0.00690364
824.683	0.00398926
825.26	0.00812737
825.836	0.000873699
826.413	0.00142592
826.99	0.00711414
827.566	0.00660546
828.143	0.00783052
828.72	0.00298213
829.296	0.0152438
829.873	0.00881623
830.45	0.00903595
831.027	0.00401664
831.603	0.0101625
832.18	0.00452754
832.757	0.00760757
833.333	0.00509926
833.91	0.00230611
834.487	0.0107096
835.063	0.0101934
835.64	0.00363775
836.217	0.00270694
836.794	0.00722039
837.37	0.00380919
837.947	0.00414215
838.524	0.00576614
839.1	0.00502585
839.677	0.0124204
840.254	0.00894997
840.83	0.00857646
841.407	0.00419552
841.984	0.00751558
842.561	0.00465837
843.137	0.00791302
843.714	0.012247
844.291	0.00711362
844.867	0.00578367
845.444	0.00432328
846.021	0.001054
846.597	0.00122816
847.174	0.00529196
847.751	0.0109179
848.328	0.0046068
848.904	0.0106938
849.481	0.0110508
850.058	0.00446076
850.634	0.00410168
851.211	0.00338611
851.788	0.00996145
852.364	0.00378814
852.941	0.00376908
853.518	0.0120132
854.095	0.00175062
854.671	0.00219685
855.248	0.00508784
855.825	0.0052489
856.401	0.00792893
856.978	0.00119844
857.555	0.00404014
858.131	0.00312175
858.708	0.00309735
859.285	0.00123146
859.862	0.00466877
860.438	0.00219695
861.015	0.00477556
861.592	0.00631163
862.168	0.0015048
862.745	0.00502089
863.322	0.00625922
863.899	0.00750561
864.475	0.00266056
865.052	0.00845356
865.629	0.0154895
866.205	0.0238817
866.782	0.00186171
867.359	0.00714053
867.935	0.00957576
868.512	0.00384945
869.089	0.00797774
869.666	0.00625547
870.242	0.0121348
870.819	0.00182858
871.396	0.00331907
871.972	0.00431119
872.549	0.00759861
873.126	0.00586997
873.702	0.00585902
874.279	0.037602
874.856	0.0644821
875.433	0.0273988
876.009	0.0073597
876.586	0.0145587
877.163	0.00681065
877.739	0.00523972
878.316	0.00462965
878.893	0.00775621
879.469	0.00605505
880.046	0.00649003
880.623	0.00513841
881.2	0.00910522
881.776	0.00466762
882.353	0.00494347
882.93	0.00678647
883.506	0.00476924
884.083	0.0133708
884.66	0.00516279
885.236	0.00963986
885.813	0.00370257
886.39	0.00781822
886.967	0.00766708
887.543	0.00205266
888.12	0.00697608
888.697	0.0172779
889.273	0.00301005
889.85	0.00646778
890.427	0.00489712
891.003	0.00754946
891.58	0.00489359
892.157	0.00681762
892.734	0.01191
893.31	0.0171715
893.887	0.00371943
894.464	0.0077596
895.04	0.00627611
895.617	0.0048081
896.194	0.010588
896.77	0.00354448
897.347	0.00792299
897.924	0.00882089
898.501	0.00603112
899.077	0.0080613
899.654	0.00217091
900.231	0.00202565
900.807	0.00561631
901.384	0.00943554
901.961	0.00975261
902.537	0.0166243
903.114	0.00667987
903.691	0.00787733
904.268	0.0134871
904.844	0.00367701
905.421	0.00503451
905.998	0.00328632
906.574	0.0104298
907.151	0.00383635
907.728	0.000616136
908.304	0.00362652
908.881	0.00128465
909.458	0.00277873
910.035	0.0034388
910.611	0.0103889
911.188	0.0112598
911.765	0.00808344
912.341	0.00499001
912.918	0.00132069
913.495	0.00433086
914.072	0.00836857
914.648	0.00659431
915.225	0.00418337
915.802	0.00692674
916.378	0.00241093
916.955	0.00519563
917.532	0.00685671
918.108	0.0102721
918.685	0.014382
919.262	0.00962233
919.839	0.00896554
920.415	0.00380306
920.992	0.00146345
921.569	0.00955505
922.145	0.00707132
922.722	0.00490278
923.299	0.00380774
923.875	0.00784199
924.452	0.00349195
925.029	0.00308713
925.606	0.0088599
926.182	0.00321012
926.759	0.00926222
927.336	0.00485806
927.912	0.00614981
928.489	0.00286479
929.066	0.0119818
929.642	0.01124
930.219	0.00542212
930.796	0.00730001
931.373	0.0077076
931.949	0.0060753
932.526	0.00448164
933.103	0.00271958
933.679	0.00541844
934.256	0.00463165
934.833	0.00630961
935.409	0.00567896
935.986	0.00533119
936.563	0.00486456
937.14	0.00473967
937.716	0.0028221
938.293	0.00832507
938.87	0.0066144
939.446	0.00757206
940.023	0.0104432
940.6	0.00488582
941.176	0.0100793
941.753	0.00760409
942.33	0.00542929
942.907	0.00598341
943.483	0.00371553
944.06	0.00169673
944.637	0.00839493
945.213	0.00660738
945.79	0.00125461
946.367	0.00353374
946.943	0.00184298
947.52	0.00960537
948.097	0.0123186
948.674	0.00914952
949.25	0.00806533
949.827	0.00690656
950.404	0.00200101
950.98	0.00314152
951.557	0.0131653
952.134	0.006329
952.71	0.00508615
953.287	0.0066289
953.864	0.00382344
954.441	0.00135204
955.017	0.00459182
955.594	0.00647892
956.171	0.00216273
956.747	0.00646997
957.324	0.00566971
957.901	0.00617097
958.478	0.00911383
959.054	0.00566686
959.631	0.00445701
960.208	0.00272357
960.784	0.00725075
961.361	0.00486014
961.938	0.00204153
962.514	0.00390277
963.091	0.00932338
963.668	0.00287181
964.245	0.00242514
964.821	0.000949008
965.398	0.00597396
965.975	0.00720118
966.551	0.0105471
967.128	0.00338092
967.705	0.0112766
968.281	0.0108677
968.858	0.0045588
969.435	0.00427674
970.012	0.00247124
970.588	0.00326083
971.165	0.00260519
971.742	0.00559436
972.318	0.0056284
972.895	0.00922591
973.472	0.0083735
974.048	0.005202
974.625	0.00606242
975.202	0.0224718
975.779	0.012342
976.355	0.0127337
976.932	0.0122325
977.509	0.00264863
978.085	0.00418591
978.662	0.00878293
979.239	0.00534055
979.815	0.00454688
980.392	0.00718459
980.969	0.00728955
981.546	0.00438244
982.122	0.0108814
982.699	0.00232197
983.276	0.0154889
983.852	0.00675325
984.429	0.0609353
985.006	0.00831261
985.582	0.00671031
986.159	0.0107226
986.736	0.00550165
987.313	0.00949945
987.889	0.00680402
988.466	0.00587207
989.043	0.00712395
989.619	0.00204988
990.196	0.0106456
990.773	0.0105932
991.349	0.00939828
991.926	0.00678397
992.503	0.00635267
993.08	0.00685145
993.656	0.024955
994.233	0.001855
994.81	0.00799887
995.386	0.00652498
995.963	0.00398996
996.54	0.000409787
997.116	0.00625972
997.693	0.00242893
998.27	0.00724763
998.847	0.00845972
999.423	0.00556119
1000	0.00191308
1000.58	0.00254798
1001.15	0.00382852
1001.73	0.00716799
1002.31	0.000712401
1002.88	0.0155166
1003.46	0.00311838
1004.04	0.0150075
1004.61	0.00621244
1005.19	0.00494241
1005.77	0.00883882
1006.34	0.00858801
1006.92	0.00824313
1007.5	0.00165629
1008.07	0.00170631
1008.65	0.00712351
1009.23	0.00510111
1009.8	0.00368464
1010.38	0.00205364
1010.96	0.00696465
1011.53	0.015809
1012.11	0.00693759
1012.69	0.00130639
1013.26	0.00515786
1013.84	0.00159357
1014.42	0.0104295
1014.99	0.0020695
1015.57	0.00446646
1016.15	0.00726767
1016.72	0.00452386
1017.3	0.00295747
1017.88	0.00346292
1018.45	0.00148732
1019.03	0.0024555
1019.61	0.0074169
1020.18	0.00711627
1020.76	0.00292918
1021.34	0.0071583
1021.91	0.0110065
1022.49	0.0145993
1023.07	0.00870724
1023.64	0.000270901
1024.22	0.0119273
1024.8	0.00521175
1025.37	0.0044419
1025.95	0.00216807
1026.53	0.00421842
1027.1	0.00427508
1027.68	0.00939343
1028.26	0.00627347
1028.84	0.00733021
1029.41	0.00609069
1029.99	0.010202
1030.57	0.00192648
1031.14	0.00749265
1031.72	0.0034017
1032.3	0.00957036
1032.87	0.00502319
1033.45	0.00761701
1034.03	0.00374361
1034.6	0.00998145
1035.18	0.00134903
1035.76	0.00552177
1036.33	0.00871781
1036.91	0.00541541
1037.49	0.00325273
1038.06	0.0053317
1038.64	0.00353022
1039.22	0.00343584
1039.79	0.0121916
1040.37	0.0074082
1040.95	0.00532945
1041.52	0.00136951
1042.1	0.00567762
1042.68	0.00356086
1043.25	0.00366988
1043.83	0.00728004
1044.41	0.00283263
1044.98	0.00535062
1045.56	0.00396403
1046.14	0.0064951
1046.71	0.00579247
1047.29	0.0128071
1047.87	0.00890212
1048.44	0.0165235
1049.02	0.0136193
1049.6	0.0336839
1050.17	0.00631699
1050.75	0.00131925
1051.33	0.00499129
1051.9	0.00569168
1052.48	0.00187686
1053.06	0.00688432
1053.63	0.00253685
1054.21	0.00594997
1054.79	0.0089565
1055.36	0.00288616
1055.94	0.00325695
1056.52	0.00400227
1057.09	0.00704221
1057.67	0.00841161
1058.25	0.013922
1058.82	0.0116731
1059.4	0.00549089
1059.98	0.00232776
1060.55	0.00323058
1061.13	0.00798941
1061.71	0.00586652
1062.28	0.00311507
1062.86	0.00748377
1063.44	0.00350474
1064.01	0.00589998
1064.59	0.00773535
1065.17	0.00289867
1065.74	0.00460202
1066.32	0.0141856
1066.9	0.0128469
1067.47	0.00866315
1068.05	0.0110692
1068.63	0.0118434
1069.2	0.00673965
1069.78	0.0136898
1070.36	0.00587293
1070.93	0.00521577
1071.51	0.00618667
1072.09	0.00753659
1072.66	0.00340114
1073.24	0.00208582
1073.82	0.00146294
1074.39	0.00132463
1074.97	0.00696804
1075.55	0.0138849
1076.12	0.00297484
1076.7	0.00850198
1077.28	0.0114809
1077.85	0.00659997
1078.43	0.00214768
1079.01	0.00337618
1079.58	0.00379885
1080.16	0.0110177
1080.74	0.00983475
1081.31	0.00388783
1081.89	0.0137237
1082.47	0.00440762
1083.04	0.00676953
1083.62	0.00582334
1084.2	0.00477615
1084.78	0.0287379
1085.35	0.0152007
1085.93	0.00537742
1086.51	0.00222966
1087.08	0.00689097
1087.66	0.00421382
1088.24	0.00279637
1088.81	0.00144592
1089.39	0.0108104
1089.97	0.00627714
1090.54	0.0087673
1091.12	0.00474348
1091.7	0.00500176
1092.27	0.00649896
1092.85	0.0184081
1093.43	0.0185122
1094	0.046005
1094.58	0.00398802
1095.16	0.0111548
1095.73	0.00476041
1096.31	0.00222009
1096.89	0.00898342
1097.46	0.0115451
1098.04	0.00707981
1098.62	0.00850959
1099.19	0.00123213
1099.77	0.00318286
1100.35	0.00186775
1100.92	0.00735431
1101.5	0.00152585
1102.08	0.0139515
1102.65	0.012731
1103.23	0.0116713
1103.81	0.000500259
1104.38	0.00430531
1104.96	0.00217181
1105.54	0.00471976
1106.11	0.00991121
1106.69	0.00477742
1107.27	0.012888
1107.84	0.00950399
1108.42	0.0118416
1109	0.00647364
1109.57	0.00373235
1110.15	0.00436638
1110.73	0.00923178
1111.3	0.00450284
1111.88	0.0200268
1112.46	0.0100152
1113.03	0.00751393
1113.61	0.0076247
1114.19	0.0108892
1114.76	0.00565207
1115.34	0.00584012
1115.92	0.00970039
1116.49	0.00755745
1117.07	0.00143806
1117.65	0.00211414
1118.22	0.001867
1118.8	0.00448806
1119.38	0.00565553
1119.95	0.00588709
1120.53	0.00784562
1121.11	0.0117354
1121.68	0.00495655
1122.26	0.00365401
1122.84	0.00670037
1123.41	0.00909114
1123.99	0.00353639
1124.57	0.00612452
1125.14	0.00952301
1125.72	0.00539584
1126.3	0.0046771
1126.87	0.00874169
1127.45	0.00140724
1128.03	0.01259
1128.6	0.00728522
1129.18	0.00267923
1129.76	0.00395441
1130.33	0.00694466
1130.91	0.00121299
1131.49	0.0110572
1132.06	0.00277728
1132.64	0.00557892
1133.22	0.00267588
1133.79	0.0096325
1134.37	0.00467801
1134.95	0.00328389
1135.52	0.00762087
1136.1	0.00393382
1136.68	0.0050011
1137.25	0.00387894
1137.83	0.0037152
1138.41	0.00613241
1138.99	0.00604715
1139.56	0.00580668
1140.14	0.00749913
1140.72	0.0169599
1141.29	0.0053257
1141.87	0.00762326
1142.45	0.00207666
1143.02	0.00130798
1143.6	0.0013218
1144.18	0.00462776
1144.75	0.00345866
1145.33	0.0038875
1145.91	0.0067401
1146.48	0.00897816
1147.06	0.0077123
1147.64	0.0131771
1148.21	0.00134565
1148.79	0.00289399
1149.37	0.0078145
1149.94	0.0133773
1150.52	0.00995748
1151.1	0.00409877
1151.67	0.00439923
1152.25	0.00772791
1152.83	0.00955689
1153.4	0.00308393
1153.98	0.00543104
1154.56	0.00345961
1155.13	0.00114476
1155.71	0.00140491
1156.29	0.000847923
1156.86	0.0122126
1157.44	0.00877579
1158.02	0.0171461
1158.59	0.0199907
1159.17	0.0225455
1159.75	0.025918
1160.32	0.00515826
1160.9	0.00311626
1161.48	0.0081931
1162.05	0.00323516
1162.63	0.00297881
1163.21	0.00655193
1163.78	0.00347809
1164.36	0.00547942
1164.94	0.000981612
1165.51	0.00567642
1166.09	0.0036151
1166.67	0.0138696
1167.24	0.0124792
1167.82	0.0189778
1168.4	0.0212578
1168.97	0.00970166
1169.55	0.00938017
1170.13	0.0100029
1170.7	0.0102792
1171.28	0.00514176
1171.86	0.00903383
1172.43	0.00651589
1173.01	0.00380922
1173.59	0.00806032
1174.16	0.00812978
1174.74	0.00849638
1175.32	0.00323288
1175.89	0.00625647
1176.47	0.00650227
1177.05	0.00986664
1177.62	0.00156983
1178.2	0.0025979
1178.78	0.00447541
1179.35	0.00686055
1179.93	0.00276022
1180.51	0.00976022
1181.08	0.00491603
1181.66	0.010833
1182.24	0.00282182
1182.81	0.00715757
1183.39	0.00490498
1183.97	0.00155191
1184.54	0.00208328
1185.12	0.00888281
1185.7	0.0072752
1186.27	0.00717427
1186.85	0.00425737
1187.43	0.00892425
1188	0.00811981
1188.58	0.00876985
1189.16	0.00282508
1189.73	0.00747781
1190.31	0.00835244
1190.89	0.00468073
1191.46	0.0107255
1192.04	0.00928886
1192.62	0.00836255
1193.19	0.00868698
1193.77	0.0203643
1194.35	0.0199172
1194.93	0.0115565
1195.5	0.0143391
1196.08	0.00308423
1196.66	0.00571401
1197.23	0.00203309
1197.81	0.00590273
1198.39	0.00251926
1198.96	0.00606558
1199.54	0.00282761
1200.12	0.00405899
1200.69	0.00770131
1201.27	0.00297483
1201.85	0.00628222
1202.42	0.0265268
1203	0.0231412
1203.58	0.0193001
1204.15	0.017751
1204.73	0.00835928
1205.31	0.0112815
1205.88	0.00132214
1206.46	0.000414292
1207.04	0.000779271
1207.61	0.00259378
1208.19	0.00560325
1208.77	0.00367842
1209.34	0.00963858
1209.92	0.00669356
1210.5	0.00409866
1211.07	0.00343349
1211.65	0.0089074
1212.23	0.0125902
1212.8	0.00805477
1213.38	0.00252707
1213.96	0.00244898
1214.53	0.0135684
1215.11	0.00807778
1215.69	0.00790901
1216.26	0.00732284
1216.84	0.00385294
1217.42	0.00449089
1217.99	0.00392513
1218.57	0.00189824
1219.15	0.00233502
1219.72	0.00312274
1220.3	0.0085017
1220.88	0.00435027
1221.45	0.016045
1222.03	0.00722073
1222.61	0.006716
1223.18	0.00508293
1223.76	0.00564394
1224.34	0.00289646
1224.91	0.00320731
1225.49	0.00555246
1226.07	0.00481679
1226.64	0.00719426
1227.22	0.00258622
1227.8	0.00578549
1228.37	0.0103077
1228.95	0.00244411
1229.53	0.00661459
1230.1	0.0017375
1230.68	0.0114517
1231.26	0.0011527
1231.83	0.00591401
1232.41	0.00466151
1232.99	0.00291431
1233.56	0.00672869
1234.14	0.0120046
1234.72	0.00225561
1235.29	0.00767938
1235.87	0.00357723
1236.45	0.00590644
1237.02	0.0105101
1237.6	0.00701103
1238.18	0.0025268
1238.75	0.00804857
1239.33	0.00708289
1239.91	0.00365013
1240.48	0.00598535
1241.06	0.0121929
1241.64	0.00872402
1242.21	0.00535494
1242.79	0.0045902
1243.37	0.00551953
1243.94	0.00149996
1244.52	0.00117685
1245.1	0.00169168
1245.67	0.0069226
1246.25	0.0103804
1246.83	0.0047883
1247.4	0.00531694
1247.98	0.0111912
1248.56	0.00855501
1249.13	0.00737364
1249.71	0.0104963
1250.29	0.0194451
1250.87	0.00365535
1251.44	0.00929771
1252.02	0.00378128
1252.6	0.00470478
1253.17	0.0054018
1253.75	0.01273
1254.33	0.00951137
1254.9	0.012208
1255.48	0.00376908
1256.06	0.00883064
1256.63	0.00507504
1257.21	0.00145165
1257.79	0.00536784
1258.36	0.000727266
1258.94	0.0112179
1259.52	0.0137549
1260.09	0.0148163
1260.67	0.000718647
1261.25	0.00632275
1261.82	0.00255084
1262.4	0.0021537
1262.98	0.000223877
1263.55	0.00759746
1264.13	0.00650918
1264.71	0.0113504
1265.28	0.00865125
1265.86	0.0029802
1266.44	0.00381809
1267.01	0.0105018
1267.59	0.00300633
1268.17	0.0448757
1268.74	0.0197972
1269.32	0.0195475
1269.9	0.00751599
1270.47	0.0058179
1271.05	0.00529774
1271.63	0.0081521
1272.2	0.0071977
1272.78	0.0113419
1273.36	0.00233081
1273.93	0.00200578
1274.51	0.00401534
1275.09	0.00790865
1275.66	0.00119599
1276.24	0.00598783
1276.82	0.0140639
1277.39	0.0296252
1277.97	0.00572472
1278.55	0.00508637
1279.12	0.0061169
1279.7	0.00525872
1280.28	0.0144115
1280.85	0.00301083
1281.43	0.00884483
1282.01	0.0099339
1282.58	0.0040374
1283.16	0.00254334
1283.74	0.0010791
1284.31	0.00606711
1284.89	0.0103765
1285.47	0.00949447
1286.04	0.00329514
1286.62	0.0137965
1287.2	0.00628681
1287.77	0.000907381
1288.35	0.00243185
1288.93	0.00292265
1289.5	0.00384471
1290.08	0.00662532
1290.66	0.00514693
1291.23	0.00429874
1291.81	0.00530028
1292.39	0.0139516
1292.96	0.0061175
1293.54	0.011409
1294.12	0.0104617
1294.69	0.0097716
1295.27	0.01195
1295.85	0.0151937
1296.42	0.00558174
1297	0.00350822
1297.58	0.00866296
1298.15	0.00511729
1298.73	0.00452755
1299.31	0.00661788
1299.88	0.0027751
1300.46	0.00504622
1301.04	0.00757306
1301.61	0.00223374
1302.19	0.00343016
1302.77	0.0059027
1303.34	0.011491
1303.92	0.014435
1304.5	0.00914929
1305.07	0.0075723
1305.65	0.00326207
1306.23	0.00220344
1306.81	0.00295729
1307.38	0.00870283
1307.96	0.00496312
1308.54	0.00255694
1309.11	0.00731314
1309.69	0.00212687
1310.27	0.00625953
1310.84	0.00389788
1311.42	0.000302776
1312	0.00630282
1312.57	0.0338955
1313.15	0.0144963
1313.73	0.016262
1314.3	0.0096808
1314.88	0.0127162
1315.46	0.00648552
1316.03	0.00687866
1316.61	0.00490888
1317.19	0.00639678
1317.76	0.0017786
1318.34	0.00785734
1318.92	0.00280227
1319.49	0.00449962
1320.07	0.00589587
1320.65	0.00102525
1321.22	0.0042447
1321.8	0.00846796
1322.38	0.0114276
1322.95	0.00446854
1323.53	0.00309578
1324.11	0.00506579
1324.68	0.00425598
1325.26	0.00507717
1325.84	0.00765943
1326.41	0.00511198
1326.99	0.000252931
1327.57	0.0110688
1328.14	0.00386812
1328.72	0.00784486
1329.3	0.0055994
1329.87	0.0085494
1330.45	0.00232103
1331.03	0.00666411
1331.6	0.00249425
1332.18	0.00916458
1332.76	0.00680091
1333.33	0.00785389
1333.91	0.00589675
1334.49	0.00939661
1335.06	0.00418867
1335.64	0.0046422
1336.22	0.00115825
1336.79	0.00347941
1337.37	0.00428575
1337.95	0.0129
1338.52	0.0010872
1339.1	0.00805322
1339.68	0.0136045
1340.25	0.0121205
1340.83	0.00692354
1341.41	0.00235255
1341.98	0.00821871
1342.56	0.00822903
1343.14	0.00245755
1343.71	0.00258788
1344.29	0.00452061
1344.87	0.00286243
1345.44	0.0036569
1346.02	0.00834834
1346.6	0.00486572
1347.17	0.00300089
1347.75	0.0114989
1348.33	0.000568844
1348.9	0.00591824
1349.48	0.000704258
1350.06	0.00787703
1350.63	0.0151186
1351.21	0.00641476
1351.79	0.00204271
1352.36	0.00473758
1352.94	0.00613307
1353.52	0.00795887
1354.09	0.000927623
1354.67	0.00147777
1355.25	0.00917674
1355.82	0.00955647
1356.4	0.00793066
1356.98	0.00598589
1357.55	0.00536149
1358.13	0.0140071
1358.71	0.00302648
1359.28	0.015738
1359.86	0.000783092
1360.44	0.00616633
1361.01	0.00456329
1361.59	0.00317109
1362.17	0.00260185
1362.75	0.00502418
1363.32	0.00766753
1363.9	0.00723108
1364.48	0.00221165
1365.05	0.00523633
1365.63	0.000964976
1366.21	0.00313094
1366.78	0.00715237
1367.36	0.00911531
1367.94	0.0013276
1368.51	0.0258591
1369.09	0.00632095
1369.67	0.00699785
1370.24	0.00590096
1370.82	0.00835505
1371.4	0.00997674
1371.97	0.0100978
1372.55	0.00257424
1373.13	0.00679351
1373.7	0.00481143
1374.28	0.00763255
1374.86	0.00884505
1375.43	0.00659473
1376.01	0.00961584
1376.59	0.00714207
1377.16	0.00761478
1377.74	0.0609992
1378.32	0.00608391
1378.89	0.0157123
1379.47	0.00220333
1380.05	0.0119306
1380.62	0.00490293
1381.2	0.00762214
1381.78	0.00672285
1382.35	0.00563522
1382.93	0.00596557
1383.51	0.00886852
1384.08	0.00317444
1384.66	0.0030847
1385.24	0.0119876
1385.81	0.0135048
1386.39	0.0112391
1386.97	0.0226904
1387.54	0.00689474
1388.12	0.00473094
1388.7	0.00924335
1389.27	0.00841046
1389.85	0.00673272
1390.43	0.00456767
1391	0.00276697
1391.58	0.00232333
1392.16	0.00293801
1392.73	0.00530573
1393.31	0.00490391
1393.89	0.0106179
1394.46	0.0123706
1395.04	0.00232837
1395.62	0.0114611
1396.19	0.00722845
1396.77	0.00645065
1397.35	0.00194398
1397.92	0.00136967
1398.5	0.00396362
1399.08	0.00930367
1399.65	0.00449033
1400.23	0.00290031
1400.81	0.00501416
1401.38	0.00619735
1401.96	0.00220436
1402.54	0.00478995
1403.11	0.00549168
1403.69	0.00918805
1404.27	0.00571893
1404.84	0.00666735
1405.42	0.00574745
1406	0.00113518
1406.57	0.00574871
1407.15	0.00399251
1407.73	0.00245362
1408.3	0.00274665
1408.88	0.00667407
1409.46	0.00404796
1410.03	0.00534684
1410.61	0.0121317
1411.19	0.00291481
1411.76	0.00167053
1412.34	0.00690585
1412.92	0.00921574
1413.49	0.00872997
1414.07	0.013289
1414.65	0.0106585
1415.22	0.0008083
1415.8	0.00324457
1416.38	0.000961742
1416.96	0.00609318
1417.53	0.00745556
1418.11	0.000530398
1418.69	0.00472903
1419.26	0.00713037
1419.84	0.00654035
1420.42	0.00864894
1420.99	0.0111387
1421.57	0.00568178
1422.15	0.00938109
1422.72	0.00813547
1423.3	0.00611296
1423.88	0.00729212
1424.45	0.00193997
1425.03	0.00551768
1425.61	0.00373462
1426.18	0.00647195
1426.76	0.00674865
1427.34	0.00719098
1427.91	0.00364037
1428.49	0.0043302
1429.07	0.00160141
1429.64	0.00355152
1430.22	0.00632435
1430.8	0.00807613
1431.37	0.0073068
1431.95	0.00608242
1432.53	0.0117119
1433.1	0.0116117
1433.68	0.00332157
1434.26	0.00541253
1434.83	0.00527789
1435.41	0.0084741
1435.99	0.00210277
1436.56	0.00799402
1437.14	0.00200997
1437.72	0.00461846
1438.29	0.00762012
1438.87	0.00431809
1439.45	0.00547974
1440.02	0.00672787
1440.6	0.0102702
1441.18	0.00200381
1441.75	0.00318179
1442.33	0.00952348
1442.91	0.00855932
1443.48	0.0141002
1444.06	0.00911684
1444.64	0.00785068
1445.21	0.00415079
1445.79	0.00304583
1446.37	0.00695838
1446.94	0.0030558
1447.52	0.00650286
1448.1	0.00814406
1448.67	0.00533194
1449.25	0.00226365
1449.83	0.00388277
1450.4	0.00914943
1450.98	0.0102226
1451.56	0.00926909
1452.13	0.00345972
1452.71	0.00291138
1453.29	0.00161043
1453.86	0.00250029
1454.44	0.00154261
1455.02	0.00376405
1455.59	0.00930377
1456.17	0.00293904
1456.75	0.00388934
1457.32	0.0029018
1457.9	0.0135726
1458.48	0.00716277
1459.05	0.00718333
1459.63	0.0159489
1460.21	0.0101765
1460.78	0.00899117
1461.36	0.00496518
1461.94	0.00154005
1462.51	0.00241663
1463.09	0.00806673
1463.67	0.00600935
1464.24	0.00805147
1464.82	0.00701573
1465.4	0.00245616
1465.97	0.00940218
1466.55	0.00574024
1467.13	0.00561465
1467.7	0.00857612
1468.28	0.00264635
1468.86	0.0161237
1469.43	0.0107806
1470.01	0.00779254
1470.59	0.00412118
1471.16	0.00652193
1471.74	0.00567232
1472.32	0.00664613
1472.9	0.0031792
1473.47	0.0177182
1474.05	0.00600766
1474.63	0.00191169
1475.2	0.00882689
1475.78	0.00739179
1476.36	0.00467017
1476.93	0.00852209
1477.51	0.00613394
1478.09	0.0132711
1478.66	0.00412802
1479.24	0.00563277
1479.82	0.00377709
1480.39	0.00370434
1480.97	0.00798271
1481.55	0.00433565
1482.12	0.00528551
1482.7	0.00512523
1483.28	0.0065212
1483.85	0.00448619
1484.43	0.00417114
1485.01	0.00671205
1485.58	0.0132632
1486.16	0.00796695
1486.74	0.0258716
1487.31	0.0659145
1487.89	0.0386696
1488.47	0.00683416
1489.04	0.00693835
1489.62	0.00777448
1490.2	0.00490514
1490.77	0.00392973
1491.35	0.00297263
1491.93	0.0132168
1492.5	0.00643313
1493.08	0.00909408
1493.66	0.00292317
1494.23	0.00912166
1494.81	0.00786703
1495.39	0.00280424
1495.96	0.0248895
1496.54	0.014759
1497.12	0.00730392
1497.69	0.00147375
1498.27	0.00770627
1498.85	0.00670078
1499.42	0.00493053
1500	0.00174627
1500.58	0.00607288
1501.15	0.00554505
1501.73	0.00198211
1502.31	0.00496469
1502.88	0.00170132
1503.46	0.0037022
1504.04	0.0020201
1504.61	0.00463454
1505.19	0.00212882
1505.77	0.00894374
1506.34	0.00447703
1506.92	0.00426026
1507.5	0.00232963
1508.07	0.00090655
1508.65	0.0118149
1509.23	0.00439452
1509.8	0.00388722
1510.38	0.00977414
1510.96	0.00227589
1511.53	0.0039318
1512.11	0.0032862
1512.69	0.0105045
1513.26	0.0115084
1513.84	0.00337829
1514.42	0.0121415
1514.99	0.00619374
1515.57	0.00237044
1516.15	0.00109284
1516.72	0.00417177
1517.3	0.00574199
1517.88	0.00831327
1518.45	0.0125142
1519.03	0.00903026
1519.61	0.00506348
1520.18	0.00754812
1520.76	0.00528862
1521.34	0.00950176
1521.91	0.00906968
1522.49	0.011787
1523.07	0.00515318
1523.64	0.00658406
1524.22	0.00531659
1524.8	0.004706
1525.37	0.00767942
1525.95	0.00155162
1526.53	0.00476778
1527.1	0.0104209
1527.68	0.0100588
1528.26	0.00223151
1528.84	0.00560729
1529.41	0.00651581
1529.99	0.00378203
1530.57	0.01122
1531.14	0.00482333
1531.72	0.00818045
1532.3	0.00990322
1532.87	0.0158035
1533.45	0.00326958
1534.03	0.00761549
1534.6	0.00577574
1535.18	0.00747144
1535.76	0.00249479
1536.33	0.00127782
1536.91	0.00744989
1537.49	0.00407077
1538.06	0.00570491
1538.64	0.0045672
1539.22	0.00327528
1539.79	0.0112112
1540.37	0.0110857
1540.95	0.00138016
1541.52	0.0155861
1542.1	0.00981708
1542.68	0.00759857
1543.25	0.00903019
1543.83	0.00661246
1544.41	0.000595482
1544.98	0.00592584
1545.56	0.00338548
1546.14	0.00556388
1546.71	0.00915415
1547.29	0.00943112
1547.87	0.00536552
1548.44	0.00110608
1549.02	0.0085479
1549.6	0.000716667
1550.17	0.00168852
1550.75	0.00985507
1551.33	0.0139429
1551.9	0.00172607
1552.48	0.00861099
1553.06	0.00637444
1553.63	0.00393898
1554.21	0.00486571
1554.79	0.00391078
1555.36	0.00762418
1555.94	0.00143286
1556.52	0.00208422
1557.09	0.00605151
1557.67	0.00212994
1558.25	0.00222764
1558.82	0.00482956
1559.4	0.00289046
1559.98	0.013654
1560.55	0.00155551
1561.13	0.00278459
1561.71	0.0024564
1562.28	0.00725119
1562.86	0.00394764
1563.44	0.00890952
1564.01	0.00782856
1564.59	0.00231367
1565.17	0.00515147
1565.74	0.00522267
1566.32	0.00712001
1566.9	0.00750601
1567.47	0.00820068
1568.05	0.00366844
1568.63	0.00100614
1569.2	0.00512426
1569.78	0.00993052
1570.36	0.00467007
1570.93	0.00694093
1571.51	0.00307978
1572.09	0.00313682
1572.66	0.00292451
1573.24	0.00132103
1573.82	0.00143466
1574.39	0.00878752
1574.97	0.00537884
1575.55	0.00555025
1576.12	0.00299478
1576.7	0.01318
1577.28	0.012082
1577.85	0.0188996
1578.43	0.0243599
1579.01	0.00794587
1579.58	0.00815377
1580.16	0.00368091
1580.74	0.00735782
1581.31	0.00473802
1581.89	0.00362455
1582.47	0.0077251
1583.04	0.00681187
1583.62	0.00149189
1584.2	0.00289499
1584.78	0.00597136
1585.35	0.00782086
1585.93	0.00222792
1586.51	0.00417019
1587.08	0.0230761
1587.66	0.015163
1588.24	0.0170048
1588.81	0.00853558
1589.39	0.00224587
1589.97	0.00436507
1590.54	0.00599178
1591.12	0.00833691
1591.7	0.00611953
1592.27	0.00902549
1592.85	0.00718745
1593.43	0.00614656
1594	0.0106228
1594.58	0.0176842
1595.16	0.021208
1595.73	0.00712294
1596.31	0.106123
1596.89	0.0475138
1597.46	0.0437424
1598.04	0.0184458
1598.62	0.0184648
1599.19	0.0185568
1599.77	0.00739604
1600.35	0.00821318
1600.92	0.00889164
1601.5	0.0107531
1602.08	0.0081838
1602.65	0.01235
1603.23	0.0121194
1603.81	0.00247401
1604.38	0.00932747
1604.96	0.00109392
1605.54	0.0359928
1606.11	0.0029922
1606.69	0.00127648
1607.27	0.0074776
1607.84	0.00485651
1608.42	0.00293875
1609	0.0100601
1609.57	0.00299387
1610.15	0.00629877
1610.73	0.00544616
1611.3	0.00547446
1611.88	0.00687463
1612.46	0.0075273
1613.03	0.00577264
1613.61	0.00471252
1614.19	0.00169145
1614.76	0.018679
1615.34	0.00801412
1615.92	0.00166798
1616.49	0.00418018
1617.07	0.00359035
1617.65	0.00292798
1618.22	0.00763378
1618.8	0.00495661
1619.38	0.00702772
1619.95	0.0068118
1620.53	0.00205814
1621.11	0.0013012
1621.68	0.00911581
1622.26	0.00636161
1622.84	0.00593994
1623.41	0.00948445
1623.99	0.0162111
1624.57	0.00419286
1625.14	0.00467557
1625.72	0.00244413
1626.3	0.00339976
1626.87	0.00898567
1627.45	0.0114488
1628.03	0.00236236
1628.6	0.00312174
1629.18	0.00447164
1629.76	0.0107926
1630.33	0.00635484
1630.91	0.00731179
1631.49	0.0135817
1632.06	0.00669088
1632.64	0.016189
1633.22	0.0136217
1633.79	0.00344388
1634.37	0.00585778
1634.95	0.00759985
1635.52	0.0137441
1636.1	0.00611954
1636.68	0.00634998
1637.25	0.00295128
1637.83	0.000798808
1638.41	0.00622054
1638.99	0.0107891
1639.56	0.00639016
1640.14	0.0112729
1640.72	0.00396869
1641.29	0.015221
1641.87	0.0175433
1642.45	0.0122212
1643.02	0.0110145
1643.6	0.0062207
1644.18	0.00465575
1644.75	0.00781138
1645.33	0.00355318
1645.91	0.00654066
1646.48	0.00907445
1647.06	0.00436206
1647.64	0.00734712
1648.21	0.00259298
1648.79	0.00888551
1649.37	0.00662895
1649.94	0.00744621
1650.52	0.00664643
1651.1	0.0063124
1651.67	0.003337
1652.25	0.0103286
1652.83	0.00892534
1653.4	0.00811028
1653.98	0.00728023
1654.56	0.00815849
1655.13	0.00511442
1655.71	0.00531424
1656.29	0.00508352
1656.86	0.00900052
1657.44	0.00275546
1658.02	0.00233524
1658.59	0.00556331
1659.17	0.00899231
1659.75	0.00226226
1660.32	0.0143053
1660.9	0.00546018
1661.48	0.00465507
1662.05	0.0142397
1662.63	0.0121395
1663.21	0.00443202
1663.78	0.00666756
1664.36	0.00682239
1664.94	0.00765896
1665.51	0.00803557
1666.09	0.00466581
1666.67	0.00511066
1667.24	0.00596389
1667.82	0.00300621
1668.4	0.00467338
1668.97	0.00306883
1669.55	0.0247111
1670.13	0.0152666
1670.7	0.00985583
1671.28	0.00550784
1671.86	0.00601669
1672.43	0.004714
1673.01	0.00156578
1673.59	0.00321938
1674.16	0.0032958
1674.74	0.00895657
1675.32	0.00478314
1675.89	0.00407349
1676.47	0.00412085
1677.05	0.00390072
1677.62	0.00935968
1678.2	0.00599363
1678.78	0.00574831
1679.35	0.00546619
1679.93	0.00263706
1680.51	0.00437499
1681.08	0.0073351
1681.66	0.0104386
1682.24	0.00336389
1682.81	0.00853962
1683.39	0.00202962
1683.97	0.00681275
1684.54	0.00404369
1685.12	0.00560778
1685.7	0.00411819
1686.27	0.0119539
1686.85	0.00891414
1687.43	0.015012
1688	0.0133058
1688.58	0.00775129
1689.16	0.00601438
1689.73	0.00225637
1690.31	0.00211818
1690.89	0.00704442
1691.46	0.00406941
1692.04	0.00463681
1692.62	0.00131345
1693.19	0.0048576
1693.77	0.00326327
1694.35	0.00164177
1694.93	0.00446056
1695.5	0.00443321
1696.08	0.00334849
1696.66	0.0389642
1697.23	0.00422082
1697.81	0.013613
1698.39	0.00189461
1698.96	0.0159522
1699.54	0.0084065
1700.12	0.00391425
1700.69	0.00399266
1701.27	0.00131861
1701.85	0.00585804
1702.42	0.0032676
1703	0.0130873
1703.58	0.00198584
1704.15	0.00317334
1704.73	0.0177897
1705.31	0.0266345
1705.88	0.205768
1706.46	0.0189374
1707.04	0.0166431
1707.61	0.0169738
1708.19	0.0138777
1708.77	0.00270012
1709.34	0.0108942
1709.92	0.00517972
1710.5	0.00430667
1711.07	0.00685441
1711.65	0.0059944
1712.23	0.00486657
1712.8	0.0116954
1713.38	0.00613094
1713.96	0.00499081
1714.53	0.0142236
1715.11	0.0394886
1715.69	0.00618971
1716.26	0.00810417
1716.84	0.00250442
1717.42	0.00573794
1717.99	0.00870672
1718.57	0.00887331
1719.15	0.00183528
1719.72	0.00804278
1720.3	0.00159077
1720.88	0.00609721
1721.45	0.00639466
1722.03	0.0118417
1722.61	0.00379629
1723.18	0.00151067
1723.76	0.0204546
1724.34	0.0341996
1724.91	0.0179677
1725.49	0.013441
1726.07	0.00838474
1726.64	0.000893402
1727.22	0.00856619
1727.8	0.00663593
1728.37	0.0113661
1728.95	0.00556841
1729.53	0.005579
1730.1	0.00242534
1730.68	0.0112631
1731.26	0.00671969
1731.83	0.0108444
1732.41	0.0103851
1732.99	0.0131327
1733.56	0.0146811
1734.14	0.0175972
1734.72	0.00688866
1735.29	0.00992592
1735.87	0.00416245
1736.45	0.00503723
1737.02	0.00633219
1737.6	0.0073206
1738.18	0.00682727
1738.75	0.0184634
1739.33	0.0139344
1739.91	0.00318986
1740.48	0.00390012
1741.06	0.00802056
1741.64	0.00260988
1742.21	0.0155756
1742.79	0.0118987
1743.37	0.0111357
1743.94	0.00434848
1744.52	0.000767575
1745.1	0.00569822
1745.67	0.00372061
1746.25	0.0101085
1746.83	0.00300259
1747.4	0.00327311
1747.98	0.00705266
1748.56	0.00634168
1749.13	0.0058901
1749.71	0.00681585
1750.29	0.00379573
1750.87	0.00546923
1751.44	0.022779
1752.02	0.00695063
1752.6	0.00332998
1753.17	0.0054183
1753.75	0.00984817
1754.33	0.00558365
1754.9	0.00908966
1755.48	0.00653347
1756.06	0.00159198
1756.63	0.0043681
1757.21	0.00537404
1757.79	0.00273494
1758.36	0.00468637
1758.94	0.00727435
1759.52	0.00476797
1760.09	0.00343294
1760.67	0.00432929
1761.25	0.00702655
1761.82	0.0076872
1762.4	0.00128836
1762.98	0.00719794
1763.55	0.00795003
1764.13	0.00455766
1764.71	0.00194545
1765.28	0.00339673
1765.86	0.00207101
1766.44	0.00708822
1767.01	0.00833612
1767.59	0.0062983
1768.17	0.00477553
1768.74	0.0046518
1769.32	0.00162303
1769.9	0.0106708
1770.47	0.00155864
1771.05	0.018186
1771.63	0.00399958
1772.2	0.00994904
1772.78	0.00369868
1773.36	0.00794132
1773.93	0.00515945
1774.51	0.00556887
1775.09	0.0061211
1775.66	0.0029509
1776.24	0.00466178
1776.82	0.0111826
1777.39	0.00502679
1777.97	0.00224486
1778.55	0.0129812
1779.12	0.0187637
1779.7	0.0107868
1780.28	0.0107252
1780.85	0.00722758
1781.43	0.00856001
1782.01	0.00558888
1782.58	0.00502121
1783.16	0.00805751
1783.74	0.00793828
1784.31	0.00347749
1784.89	0.00686854
1785.47	0.00864423
1786.04	0.00513477
1786.62	0.00402346
1787.2	0.00266854
1787.77	0.0117458
1788.35	0.00308585
1788.93	0.0104875
1789.5	0.00597424
1790.08	0.00770757
1790.66	0.00754605
1791.23	0.0109539
1791.81	0.00697404
1792.39	0.00263853
1792.96	0.00241329
1793.54	0.00598413
1794.12	0.00926729
1794.69	0.00607398
1795.27	0.010047
1795.85	0.00579064
1796.42	0.00952146
1797	0.0117858
1797.58	0.0085873
1798.15	0.00301358
1798.73	0.00770112
1799.31	0.00700265
1799.88	0.00713529
1800.46	0.00703425
1801.04	0.00363204
1801.61	0.0081914
1802.19	0.00187461
1802.77	0.00782513
1803.34	0.00197527
1803.92	0.0136034
1804.5	0.00817737
1805.07	0.00706422
1805.65	0.0123447
1806.23	0.0335696
1806.81	0.0204103
1807.38	0.0143993
1807.96	0.0137578
1808.54	0.0110314
1809.11	0.00637058
1809.69	0.00778096
1810.27	0.0184033
1810.84	0.0196629
1811.42	0.0162176
1812	0.00970921
1812.57	0.0144883
1813.15	0.0267923
1813.73	0.0354304
1814.3	0.0142755
1814.88	0.14788
1815.46	0.261531
1816.03	0.103861
1816.61	0.0297638
1817.19	0.0205601
1817.76	0.023369
1818.34	0.00570944
1818.92	0.00377109
1819.49	0.00713449
1820.07	0.00714782
1820.65	0.002615
1821.22	0.00534366
1821.8	0.00858313
1822.38	0.00294633
1822.95	0.00615529
1823.53	0.0048519
1824.11	0.0241742
1824.68	0.0111432
1825.26	0.013552
1825.84	0.00561183
1826.41	0.00631683
1826.99	0.00112642
1827.57	0.00142299
1828.14	0.0128002
1828.72	0.0022601
1829.3	0.00521233
1829.87	0.0110005
1830.45	0.00304078
1831.03	0.00871148
1831.6	0.0058533
1832.18	0.00806776
1832.76	0.0131343
1833.33	0.0333099
1833.91	0.0110321
1834.49	0.00685852
1835.06	0.00770966
1835.64	0.00148817
1836.22	0.00466798
1836.79	0.00822959
1837.37	0.00344956
1837.95	0.0124925
1838.52	0.00451036
1839.1	0.00731985
1839.68	0.00292672
1840.25	0.000503302
1840.83	0.0121158
1841.41	0.0130968
1841.98	0.00555714
1842.56	0.0150793
1843.14	0.00343383
1843.71	0.00140129
1844.29	0.00731244
1844.87	0.00332748
1845.44	0.00532897
1846.02	0.00268977
1846.6	0.0141494
1847.17	0.00119453
1847.75	0.0130287
1848.33	0.0138353
1848.9	0.00612328
1849.48	0.0111512
1850.06	0.0148395
1850.63	0.010239
1851.21	0.00989502
1851.79	0.0168436
1852.36	0.00867238
1852.94	0.012269
1853.52	0.00682306
1854.09	0.00354141
1854.67	0.00588622
1855.25	0.00802805
1855.82	0.00785745
1856.4	0.00345202
1856.98	0.00949795
1857.55	0.00938932
1858.13	0.00457236
1858.71	0.0107245
1859.28	0.0110253
1859.86	0.00459577
1860.44	0.00864578
1861.01	0.00993657
1861.59	0.0120427
1862.17	0.00969802
1862.75	0.00406596
1863.32	0.00893406
1863.9	0.00708101
1864.48	0.00536085
1865.05	0.0015329
1865.63	0.0021773
1866.21	0.0086452
1866.78	0.0063984
1867.36	0.00746589
1867.94	0.00443951
1868.51	0.00866519
1869.09	0.00446235
1869.67	0.0154686
1870.24	0.0112714
1870.82	0.00965798
1871.4	0.00493823
1871.97	0.00610363
1872.55	0.00659554
1873.13	0.00472334
1873.7	0.00273102
1874.28	0.00522957
1874.86	0.00624271
1875.43	0.00418361
1876.01	0.00705483
1876.59	0.000842906
1877.16	0.00492534
1877.74	0.00401885
1878.32	0.00495559
1878.89	0.0084326
1879.47	0.0062403
1880.05	0.00543078
1880.62	0.00704635
1881.2	0.00516713
1881.78	0.00283122
1882.35	0.00338893
1882.93	0.00609109
1883.51	0.00388927
1884.08	0.00593781
1884.66	0.00675856
1885.24	0.00781142
1885.81	0.001037
1886.39	0.00321774
1886.97	0.00495141
1887.54	0.00536897
1888.12	0.00251291
1888.7	0.00352583
1889.27	0.00837731
1889.85	0.00329486
1890.43	0.00451508
1891	0.0045912
1891.58	0.0104378
1892.16	0.00453177
1892.73	0.00492339
1893.31	0.00512221
1893.89	0.00937943
1894.46	0.00111085
1895.04	0.00751169
1895.62	0.00260901
1896.19	0.00323696
1896.77	0.00491145
1897.35	0.00909954
1897.92	0.010231
1898.5	0.00297204
1899.08	0.00670709
1899.65	0.00373635
1900.23	0.0108618
1900.81	0.00711806
1901.38	0.00817884
1901.96	0.00321417
1902.54	0.00958145
1903.11	0.00817667
1903.69	0.00738913
1904.27	0.0113359
1904.84	0.00274472
1905.42	0.00716778
1906	0.00478201
1906.57	0.0212572
1907.15	0.00800111
1907.73	0.00942488
1908.3	0.00285546
1908.88	0.00422761
1909.46	0.00636839
1910.03	0.0106596
1910.61	0.00147559
1911.19	0.00568912
1911.76	0.00743339
1912.34	0.00616798
1912.92	0.00855319
1913.49	0.00624099
1914.07	0.00386225
1914.65	0.00734395
1915.22	0.0161083
1915.8	0.0291251
1916.38	0.00279532
1916.96	0.0054907
1917.53	0.0109329
1918.11	0.0131938
1918.69	0.00835005
1919.26	0.00932864
1919.84	0.0113731
1920.42	0.012661
1920.99	0.0160796
1921.57	0.012586
1922.15	0.026659
1922.72	0.0392389
1923.3	0.0619244
1923.88	0.0367297
1924.45	0.315111
1925.03	0.150654
1925.61	0.0945999
1926.18	0.0471733
1926.76	0.0369502
1927.34	0.0330899
1927.91	0.0233988
1928.49	0.0183457
1929.07	0.0258368
1929.64	0.00770928
1930.22	0.0135459
1930.8	0.0246733
1931.37	0.0141002
1931.95	0.0198542
1932.53	0.0148602
1933.1	0.00256669
1933.68	0.0317709
1934.26	0.00824053
1934.83	0.0083791
1935.41	0.00976622
1935.99	0.0107922
1936.56	0.0111308
1937.14	0.00756811
1937.72	0.0105496
1938.29	0.0108401
1938.87	0.0032194
1939.45	0.0112973
1940.02	0.00438941
1940.6	0.00334397
1941.18	0.00528933
1941.75	0.00832109
1942.33	0.00737425
1942.91	0.0215292
1943.48	0.00586759
1944.06	0.00684364
1944.64	0.00519644
1945.21	0.00825708
1945.79	0.0029208
1946.37	0.00819739
1946.94	0.0122955
1947.52	0.00315319
1948.1	0.00606498
1948.67	0.00803108
1949.25	0.0130157
1949.83	0.011588
1950.4	0.0110348
1950.98	0.0102975
1951.56	0.00379089
1952.13	0.0128195
1952.71	0.00122395
1953.29	0.0123112
1953.86	0.0135078
1954.44	0.0039546
1955.02	0.00521472
1955.59	0.00335561
1956.17	0.00738232
1956.75	0.00586482
1957.32	0.0230797
1957.9	0.00300671
1958.48	0.00137616
1959.05	0.0102271
1959.63	0.00722691
1960.21	0.0209146
1960.78	0.013445
1961.36	0.0249361
1961.94	0.0136519
1962.51	0.00165405
1963.09	0.00234125
1963.67	0.00993723
1964.24	0.00412842
1964.82	0.00473772
1965.4	0.00597703
1965.97	0.0027926
1966.55	0.00195745
1967.13	0.00371896
1967.7	0.0032236
1968.28	0.00578347
1968.86	0.0129977
1969.43	0.0162714
1970.01	0.0213309
1970.59	0.0153441
1971.16	0.00561603
1971.74	0.00563154
1972.32	0.00975414
1972.9	0.000843812
1973.47	0.00407836
1974.05	0.00119681
1974.63	0.00307732
1975.2	0.00704382
1975.78	0.0137131
1976.36	0.00485793
1976.93	0.0132826
1977.51	0.00419062
1978.09	0.00389056
1978.66	0.00841596
1979.24	0.0139381
1979.82	0.00907585
1980.39	0.00302654
1980.97	0.00495701
1981.55	0.008154
1982.12	0.00658568
1982.7	0.0037252
1983.28	0.0122606
1983.85	0.00180264
1984.43	0.00752495
1985.01	0.00542512
1985.58	0.00706327
1986.16	0.00967851
1986.74	0.00892642
1987.31	0.00807483
1987.89	0.00304613
1988.47	0.0158153
1989.04	0.00447209
1989.62	0.00768151
1990.2	0.00945714
1990.77	0.00364665
1991.35	0.00510616
1991.93	0.00691584
1992.5	0.00312763
1993.08	0.0061935
1993.66	0.00490417
1994.23	0.00884752
1994.81	0.0126942
1995.39	0.00226886
1995.96	0.0070254
1996.54	0.00250401
1997.12	0.00644964
1997.69	0.0410431
1998.27	0.0162445
1998.85	0.00583695
1999.42	0.0119505
2000	0.00447421
2000.58	0.00843961
2001.15	0.0252364
2001.73	0.00339877
2002.31	0.0100653
2002.88	0.00242987
2003.46	0.00421875
2004.04	0.00529926
2004.61	0.00481565
2005.19	0.00354771
2005.77	0.00649607
2006.34	0.0208214
2006.92	0.0202379
2007.5	0.00669281
2008.07	0.00476167
2008.65	0.00386669
2009.23	0.00347313
2009.8	0.0055464
2010.38	0.00370225
2010.96	0.00511721
2011.53	0.00314141
2012.11	0.00504863
2012.69	0.00233
2013.26	0.00306209
2013.84	0.00424495
2014.42	0.00464094
2014.99	0.00651582
2015.57	0.0237847
2016.15	0.0229065
2016.72	0.0169489
2017.3	0.010962
2017.88	0.0122231
2018.45	0.00791587
2019.03	0.00745185
2019.61	0.0129574
2020.18	0.00868806
2020.76	0.00327861
2021.34	0.00595493
2021.91	0.00952205
2022.49	0.00705636
2023.07	0.00509009
2023.64	0.00512828
2024.22	0.00373111
2024.8	0.0291331
2025.37	0.0107929
2025.95	0.00517173
2026.53	0.00640557
2027.1	0.0120251
2027.68	0.00617343
2028.26	0.00161302
2028.84	0.00498216
2029.41	0.00719573
2029.99	0.0110084
2030.57	0.00854337
2031.14	0.0043336
2031.72	0.0147134
2032.3	0.00921679
2032.87	0.0277234
2033.45	0.040815
2034.03	0.700935
2034.6	0.0310292
2035.18	0.0332466
2035.76	0.0147941
2036.33	0.0163563
2036.91	0.00829709
2037.49	0.0157441
2038.06	0.00669518
2038.64	0.0104934
2039.22	0.00755042
2039.79	0.0114957
2040.37	0.012858
2040.95	0.00833416
2041.52	0.00832927
2042.1	0.00765411
2042.68	0.00769833
2043.25	0.0462938
2043.83	0.0211293
2044.41	0.010945
2044.98	0.0144528
2045.56	0.0103669
2046.14	0.00743429
2046.71	0.00793117
2047.29	0.0139478
2047.87	0.00628709
2048.44	0.00491532
2049.02	0.00604418
2049.6	0.00606079
2050.17	0.00388963
2050.75	0.0179532
2051.33	0.0117646
2051.9	0.0228571
2052.48	0.0145969
2053.06	0.00145644
2053.63	0.00418502
2054.21	0.00907103
2054.79	0.00231718
2055.36	0.00528544
2055.94	0.00711749
2056.52	0.00625906
2057.09	0.00441539
2057.67	0.00254286
2058.25	0.00577521
2058.82	0.00526434
2059.4	0.00576157
2059.98	0.00434777
2060.55	0.00298571
2061.13	0.0165524
2061.71	0.0193075
2062.28	0.00275806
2062.86	0.00417163
2063.44	0.00294592
2064.01	0.00451198
2064.59	0.00407094
2065.17	0.00269215
2065.74	0.00415331
2066.32	0.00265964
2066.9	0.0117713
2067.47	0.00480797
2068.05	0.00632234
2068.63	0.00588693
2069.2	0.012188
2069.78	0.0105668
2070.36	0.0655887
2070.93	0.0171094
2071.51	0.0149814
2072.09	0.0114981
2072.66	0.0119464
2073.24	0.00589534
2073.82	0.00742549
2074.39	0.00461289
2074.97	0.00426681
2075.55	0.00544295
2076.12	0.010344
2076.7	0.0057803
2077.28	0.012503
2077.85	0.0022931
2078.43	0.00730448
2079.01	0.011263
2079.58	0.0364928
2080.16	0.00422711
2080.74	0.00816341
2081.31	0.00539617
2081.89	0.00242526
2082.47	0.0066904
2083.04	0.00510581
2083.62	0.00476384
2084.2	0.00674461
2084.78	0.0059075
2085.35	0.0109909
2085.93	0.00468264
2086.51	0.00326993
2087.08	0.00797955
2087.66	0.00546602
2088.24	0.0090227
2088.81	0.0148855
2089.39	0.00675511
2089.97	0.0110542
2090.54	0.00574383
2091.12	0.00994813
2091.7	0.00792564
2092.27	0.00827463
2092.85	0.0117796
2093.43	0.00548635
2094	0.00757457
2094.58	0.0127206
2095.16	0.0103663
2095.73	0.00675785
2096.31	0.0129641
2096.89	0.0148823
2097.46	0.0204272
2098.04	0.0175622
2098.62	0.0193923
2099.19	0.0134656
2099.77	0.0107575
2100.35	0.00539987
2100.92	0.00538544
2101.5	0.00853954
2102.08	0.0046877
2102.65	0.00232476
2103.23	0.00257682
2103.81	0.0076012
2104.38	0.00994032
2104.96	0.0109732
2105.54	0.00440811
2106.11	0.00771349
2106.69	0.037332
2107.27	0.0412825
2107.84	0.0318818
2108.42	0.0101011
2109	0.0103846
2109.57	0.0113493
2110.15	0.0128434
2110.73	0.0191078
2111.3	0.00866338
2111.88	0.0161776
2112.46	0.0168544
2113.03	0.0148159
2113.61	0.0177674
2114.19	0.0126156
2114.76	0.017807
2115.34	0.0236109
2115.92	0.0435214
2116.49	0.0135078
2117.07	0.0264757
2117.65	0.0117132
2118.22	0.0137627
2118.8	0.00991226
2119.38	0.0145237
2119.95	0.00881678
2120.53	0.014946
2121.11	0.0170211
2121.68	0.0284219
2122.26	0.0110375
2122.84	0.0202609
2123.41	0.0176775
2123.99	0.0195277
2124.57	0.0215427
2125.14	0.019664
2125.72	0.0136292
2126.3	0.0181334
2126.87	0.0255351
2127.45	0.0294814
2128.03	0.0224122
2128.6	0.0275443
2129.18	0.0208145
2129.76	0.0266307
2130.33	0.0198898
2130.91	0.0339025
2131.49	0.0305236
2132.06	0.0226875
2132.64	0.032368
2133.22	0.0356693
2133.79	0.031624
2134.37	0.0656997
2134.95	0.0408306
2135.52	0.0444573
2136.1	0.041572
2136.68	0.0519073
2137.25	0.0480935
2137.83	0.0600637
2138.41	0.0657279
2138.99	0.0765063
2139.56	0.0854786
2140.14	0.096733
2140.72	0.119514
2141.29	0.147418
2141.87	0.210798
2142.45	0.25932
2143.02	0.901055
2143.6	1.71098
2144.18	0.519334
2144.75	0.224661
2145.33	0.152133
2145.91	0.11045
2146.48	0.0980581
2147.06	0.0719555
2147.64	0.0622574
2148.21	0.0578814
2148.79	0.0464537
2149.37	0.0405387
2149.94	0.0371507
2150.52	0.045568
2151.1	0.0279996
2151.67	0.0216123
2152.25	0.0539427
2152.83	0.0257566
2153.4	0.0194025
2153.98	0.0137149
2154.56	0.0111962
2155.13	0.0104531
2155.71	0.012472
2156.29	0.0102924
2156.86	0.00841411
2157.44	0.00659076
2158.02	0.00331763
2158.59	0.00268603
2159.17	0.00275299
2159.75	0.00286855
2160.32	0.00436696
2160.9	0.00737985
2161.48	0.0347697
2162.05	0.0176513
2162.63	0.00627802
2163.21	0.0116534
2163.78	0.0070321
2164.36	0.00415529
2164.94	0.0100807
2165.51	0.00584213
2166.09	0.0117295
2166.67	0.0053869
2167.24	0.0150286
2167.82	0.0119936
2168.4	0.0167201
2168.97	0.0197914
2169.55	0.0222077
2170.13	0.0161249
2170.7	0.039322
2171.28	0.016274
2171.86	0.0165587
2172.43	0.0120282
2173.01	0.0181244
2173.59	0.0169399
2174.16	0.0155476
2174.74	0.0202651
2175.32	0.0174806
2175.89	0.0106879
2176.47	0.0369062
2177.05	0.0249258
2177.62	0.0208287
2178.2	0.0272581
2178.78	0.0153266
2179.35	0.026409
2179.93	0.0477307
2180.51	0.0183544
2181.08	0.0195919
2181.66	0.0220492
2182.24	0.0245845
2182.81	0.0236984
2183.39	0.0346131
2183.97	0.0195595
2184.54	0.026804
2185.12	0.0198145
2185.7	0.0314153
2186.27	0.0248269
2186.85	0.0300315
2187.43	0.0345737
2188	0.0266164
2188.58	0.00867882
2189.16	0.066661
2189.73	0.0473101
2190.31	0.0492363
2190.89	0.0386307
2191.46	0.0373147
2192.04	0.0265404
2192.62	0.0342551
2193.19	0.0367157
2193.77	0.0361665
2194.35	0.0270712
2194.93	0.0326915
2195.5	0.0391759
2196.08	0.0339556
2196.66	0.0331981
2197.23	0.0393015
2197.81	0.0412521
2198.39	0.0255128
2198.96	0.0403538
2199.54	0.0416375
2200.12	0.0411879
2200.69	0.0332891
2201.27	0.0333017
2201.85	0.0351064
2202.42	0.0388152
2203	0.0473338
2203.58	0.0292602
2204.15	0.0338054
2204.73	0.0432901
2205.31	0.0397652
2205.88	0.029932
2206.46	0.0342329
2207.04	0.0309094
2207.61	0.0419874
2208.19	0.037904
2208.77	0.040739
2209.34	0.0369672
2209.92	0.0401012
2210.5	0.0374504
2211.07	0.033299
2211.65	0.0424798
2212.23	0.0413312
2212.8	0.0446831
2213.38	0.0419806
2213.96	0.0374786
2214.53	0.0403256
2215.11	0.0496483
2215.69	0.0395905
2216.26	0.123182
2216.84	0.0246268
2217.42	0.0337172
2217.99	0.0241236
2218.57	0.0275683
2219.15	0.0318631
2219.72	0.0378672
2220.3	0.0330725
2220.88	0.026276
2221.45	0.0233499
2222.03	0.0250636
2222.61	0.0316835
2223.18	0.0230113
2223.76	0.0274305
2224.34	0.0332751
2224.91	0.0272496
2225.49	0.0503555
2226.07	0.0511702
2226.64	0.0192258
2227.22	0.0246002
2227.8	0.0259312
2228.37	0.0252084
2228.95	0.0346631
2229.53	0.0238702
2230.1	0.0183459
2230.68	0.0237622
2231.26	0.0159102
2231.83	0.0215308
2232.41	0.0225256
2232.99	0.0128479
2233.56	0.0176767
2234.14	0.0120167
2234.72	0.00534813
2235.29	0.0124869
2235.87	0.0122307
2236.45	0.00937959
2237.02	0.010968
2237.6	0.0148333
2238.18	0.0129154
2238.75	0.00939912
2239.33	0.0166899
2239.91	0.0219258
2240.48	0.0217114
2241.06	0.0156278
2241.64	0.0305463
2242.21	0.0306479
2242.79	0.0386172
2243.37	0.0630279
2243.94	0.0717944
2244.52	0.0477285
2245.1	0.0669347
2245.67	0.0776202
2246.25	0.093334
2246.83	0.0972199
2247.4	0.121987
2247.98	0.132857
2248.56	0.170309
2249.13	0.205886
2249.71	0.253546
2250.29	0.32012
2250.87	0.430886
2251.44	0.644661
2252.02	0.978953
2252.6	4.66061
2253.17	2.38955
2253.75	1.13841
2254.33	0.674163
2254.9	0.500605
2255.48	0.399837
2256.06	0.33757
2256.63	0.282983
2257.21	0.250692
2257.79	0.234612
2258.36	0.21934
2258.94	0.207662
2259.52	0.189333
2260.09	0.17912
2260.67	0.168575
2261.25	0.151257
2261.82	0.195453
2262.4	0.135733
2262.98	0.140704
2263.55	0.132808
2264.13	0.118057
2264.71	0.116122
2265.28	0.116549
2265.86	0.111618
2266.44	0.116384
2267.01	0.109535
2267.59	0.101728
2268.17	0.0931154
2268.74	0.0987256
2269.32	0.092728
2269.9	0.087496
2270.47	0.0931689
2271.05	0.0646857
2271.63	0.0819925
2272.2	0.0749194
2272.78	0.075965
2273.36	0.0777734
2273.93	0.0783712
2274.51	0.0709255
2275.09	0.0772647
2275.66	0.0742344
2276.24	0.0735041
2276.82	0.0669511
2277.39	0.0699698
2277.97	0.0713147
2278.55	0.0639915
2279.12	0.0593501
2279.7	0.0814288
2280.28	0.0310036
2280.85	0.0678999
2281.43	0.056666
2282.01	0.0544215
2282.58	0.0554198
2283.16	0.0487196
2283.74	0.046652
2284.31	0.0509471
2284.89	0.0494485
2285.47	0.0329739
2286.04	0.0643281
2286.62	0.0453621
2287.2	0.0491495
2287.77	0.0444861
2288.35	0.042132
2288.93	0.0312181
2289.5	0.0959075
2290.08	0.0637161
2290.66	0.0479936
2291.23	0.0467583
2291.81	0.0518805
2292.39	0.0429406
2292.96	0.0476043
2293.54	0.0398308
2294.12	0.048989
2294.69	0.0427707
2295.27	0.0382851
2295.85	0.0416376
2296.42	0.0393075
2297	0.046071
2297.58	0.043067
2298.15	0.0526822
2298.73	0.0517194
2299.31	0.037037
2299.88	0.036038
2300.46	0.0363077
2301.04	0.026652
2301.61	0.0400893
2302.19	0.0397197
2302.77	0.0320025
2303.34	0.0313998
2303.92	0.0347438
2304.5	0.0369872
2305.07	0.0308617
2305.65	0.0376949
2306.23	0.0431783
2306.81	0.0242936
2307.38	0.0512599
2307.96	0.0398028
2308.54	0.0356575
2309.11	0.0342915
2309.69	0.0384628
2310.27	0.0366557
2310.84	0.0320436
2311.42	0.0460003
2312	0.0490179
2312.57	0.0298715
2313.15	0.041546
2313.73	0.0307218
2314.3	0.0396631
2314.88	0.0347447
2315.46	0.0399975
2316.03	0.0131456
2316.61	0.0484134
2317.19	0.0425763
2317.76	0.0298043
2318.34	0.0329456
2318.92	0.028317
2319.49	0.0327145
2320.07	0.0355537
2320.65	0.0265376
2321.22	0.0413808
2321.8	0.034442
2322.38	0.0285573
2322.95	0.0333815
2323.53	0.036882
2324.11	0.0373913
2324.68	0.0331888
2325.26	0.0497648
2325.84	0.0135653
2326.41	0.0209881
2326.99	0.0243576
2327.57	0.0285015
2328.14	0.0375683
2328.72	0.0272313
2329.3	0.0482955
2329.87	0.026866
2330.45	0.0370719
2331.03	0.0340326
2331.6	0.035947
2332.18	0.0339177
2332.76	0.04435
2333.33	0.0409092
2333.91	0.0430092
2334.49	0.0554933
2335.06	0.0346822
2335.64	0.0341295
2336.22	0.0280194
2336.79	0.0359229
2337.37	0.0400212
2337.95	0.0364011
2338.52	0.0357119
2339.1	0.031731
2339.68	0.0296008
2340.25	0.0320017
2340.83	0.0326958
2341.41	0.0325837
2341.98	0.0352131
2342.56	0.0319746
2343.14	0.0319194
2343.71	0.0189938
2344.29	0.0775941
2344.87	0.0795749
2345.44	0.0628766
2346.02	0.0667843
2346.6	0.0521078
2347.17	0.0650395
2347.75	0.0668382
2348.33	0.068671
2348.9	0.0698372
2349.48	0.0615269
2350.06	0.0771562
2350.63	0.0776633
2351.21	0.0741284
2351.79	0.0823058
2352.36	0.0814585
2352.94	0.0715805
2353.52	0.107051
2354.09	0.102005
2354.67	0.111615
2355.25	0.114671
2355.82	0.119967
2356.4	0.144045
2356.98	0.161036
2357.55	0.16764
2358.13	0.204721
2358.71	0.240533
2359.28	0.282458
2359.86	0.350302
2360.44	0.470053
2361.01	0.689111
2361.59	1.39691
