0	338.415
0.722543	0.549064
1.44509	0.553879
2.16763	0.547521
2.89017	0.551274
3.61272	0.532219
4.33526	0.540887
5.0578	0.532853
5.78035	0.527027
6.50289	0.521322
7.22543	0.503361
7.94798	0.504127
8.67052	0.4937
9.39306	0.481472
10.1156	0.461703
10.8382	0.45141
11.5607	0.431892
12.2832	0.402985
13.0058	0.383562
13.7283	0.33819
14.4509	0.305524
15.1734	1.24894
15.896	1.0029
16.6185	0.617903
17.341	0.519792
18.0636	0.471777
18.7861	0.430702
19.5087	0.446042
20.2312	0.395027
20.9538	0.383731
21.6763	0.360457
22.3988	0.340115
23.1214	0.348265
23.8439	0.320128
24.5665	0.304365
25.289	0.306901
26.0116	0.307
26.7341	0.306148
27.4566	0.338674
28.1792	0.36689
28.9017	0.411604
29.6243	0.539781
30.3468	1.0738
31.0694	1.16917
31.7919	0.195563
32.5145	0.103967
33.237	0.127089
33.9595	0.157867
34.6821	0.12308
35.4046	0.212495
36.1272	0.242267
36.8497	0.261267
37.5723	0.279801
38.2948	0.284883
39.0173	0.333586
39.7399	0.34483
40.4624	0.367635
41.185	0.37029
41.9075	0.397012
42.6301	0.391071
43.3526	0.401167
44.0751	0.414167
44.7977	0.421753
45.5202	0.375658
46.2428	2.16306
46.9653	0.624141
47.6879	0.584917
48.4104	0.564246
49.1329	0.596153
49.8555	0.666221
50.578	0.550774
51.3006	0.59711
52.0231	0.589696
52.7457	0.625314
53.4682	0.654471
54.1908	0.583157
54.9133	0.607597
55.6358	0.6299
56.3584	0.631974
57.0809	0.650317
57.8035	0.573488
58.526	0.639768
59.2486	0.646395
59.9711	0.658813
60.6936	0.708134
61.4162	1.76444
62.1387	0.794611
62.8613	0.661064
63.5838	0.642934
64.3064	0.622043
65.0289	0.591223
65.7514	0.689986
66.474	0.636316
67.1965	0.62574
67.9191	0.611778
68.6416	0.581695
69.3642	0.672827
70.0867	0.587221
70.8092	0.573469
71.5318	0.55224
72.2543	0.555464
72.9769	0.637785
73.6994	0.43527
74.422	0.419731
75.1445	0.384467
75.8671	0.31478
76.5896	0.73033
77.3121	1.62179
78.0347	0.82728
78.7572	0.659841
79.4798	0.589221
80.2023	0.547378
80.9249	0.603359
81.6474	0.489929
82.3699	0.463041
83.0925	0.450819
83.815	0.420535
84.5376	0.400019
85.2601	0.388512
85.9827	0.363529
86.7052	0.339786
87.4277	0.3155
88.1503	0.255934
88.8728	0.43083
89.5954	0.356147
90.3179	0.348959
91.0405	0.37918
91.763	0.540065
92.4855	1.50488
93.2081	0.0699895
93.9306	0.049556
94.6532	0.0769654
95.3757	0.0872289
96.0983	0.17279
96.8208	0.105603
97.5434	0.105445
98.2659	0.111357
98.9884	0.140594
99.711	0.187543
100.434	0.0861948
101.156	0.109992
101.879	0.135801
102.601	0.157892
103.324	0.195406
104.046	0.0472599
104.769	0.144401
105.491	0.187275
106.214	0.227596
106.936	0.321467
107.659	1.81632
108.382	0.239329
109.104	0.157451
109.827	0.159189
110.549	0.16514
111.272	0.179044
111.994	0.265499
112.717	0.211645
113.439	0.208609
114.162	0.1976
114.884	0.183524
115.607	0.348307
116.329	0.239262
117.052	0.234075
117.775	0.227347
118.497	0.224688
119.22	0.442013
119.942	0.141926
120.665	0.127423
121.387	0.135129
122.11	0.216765
122.832	1.04883
123.555	1.21768
124.277	0.581882
125	0.43585
125.723	0.370645
126.445	0.335192
127.168	0.472877
127.89	0.335354
128.613	0.313761
129.335	0.295365
130.058	0.282537
130.78	0.288303
131.503	0.281263
132.225	0.276353
132.948	0.264956
133.671	0.245583
134.393	0.136192
135.116	0.48663
135.838	0.411923
136.561	0.435024
137.283	0.504397
138.006	0.793366
138.728	1.36866
139.451	0.227153
140.173	0.225693
140.896	0.268383
141.618	0.299128
142.341	0.42459
143.064	0.347218
143.786	0.377383
144.509	0.397208
145.231	0.437784
145.954	0.533562
146.676	0.407062
147.399	0.465617
148.121	0.487813
148.844	0.535301
149.566	0.624933
150.289	0.283783
151.012	0.505708
151.734	0.58188
152.457	0.609356
153.179	0.686617
153.902	2.36972
154.624	0.545858
155.347	0.613368
156.069	0.670832
156.792	0.709533
157.514	0.865657
158.237	0.615483
158.96	0.689168
159.682	0.726599
160.405	0.758776
161.127	0.793641
161.85	0.763161
162.572	0.789973
163.295	0.810159
164.017	0.816882
164.74	0.843623
165.462	1.00231
166.185	0.839579
166.908	0.834412
167.63	0.795675
168.353	0.736937
169.075	0.959825
169.798	1.65707
170.52	1.2311
171.243	1.15104
171.965	1.09097
172.688	1.01021
173.41	1.38803
174.133	1.18198
174.855	1.16589
175.578	1.15097
176.301	1.1437
177.023	1.38461
177.746	1.14595
178.468	1.15091
179.191	1.15878
179.913	1.18497
180.636	1.38695
181.358	1.00792
182.081	1.06031
182.803	1.07207
183.526	1.06757
184.249	1.13
184.971	2.11486
185.694	1.28342
186.416	1.20333
187.139	1.17696
187.861	1.16561
188.584	1.16936
189.306	1.13093
190.029	1.12047
190.751	1.09805
191.474	1.07164
192.197	0.997292
192.919	1.1463
193.642	1.08844
194.364	1.06916
195.087	1.0289
195.809	0.905714
196.532	1.41836
197.254	1.16452
197.977	1.10728
198.699	1.08682
199.422	1.0941
200.145	0.732307
200.867	0.963228
201.59	0.974336
202.312	0.947713
203.035	0.909726
203.757	0.685993
204.48	1.07543
205.202	0.980874
205.925	0.944924
206.647	0.917511
207.37	0.849923
208.092	1.09255
208.815	0.948735
209.538	0.921491
210.26	0.903814
210.983	0.883072
211.705	1.11649
212.428	0.877
213.15	0.864099
213.873	0.868828
214.595	0.913637
215.318	1.80199
216.04	0.956709
216.763	0.815219
217.486	0.78433
218.208	0.787713
218.931	0.83406
219.653	0.689464
220.376	0.698969
221.098	0.71355
221.821	0.702804
222.543	0.708784
223.266	0.522971
223.988	0.654824
224.711	0.65322
225.434	0.630705
226.156	0.599831
226.879	0.295159
227.601	0.884998
228.324	0.805834
229.046	0.836429
229.769	0.946022
230.491	1.51108
231.214	0.731855
231.936	0.19544
232.659	0.334167
233.382	0.396322
234.104	0.441671
234.827	0.208113
235.549	0.391993
236.272	0.399887
236.994	0.404208
237.717	0.379683
238.439	0.340127
239.162	0.471888
239.884	0.431075
240.607	0.411998
241.329	0.394639
242.052	0.424133
242.775	0.686556
243.497	0.45476
244.22	0.418952
244.942	0.409904
245.665	0.434104
246.387	1.79313
247.11	0.423646
247.832	0.380856
248.555	0.374124
249.277	0.375698
250	0.646985
250.723	0.271833
251.445	0.281284
252.168	0.304613
252.89	0.319516
253.613	0.441882
254.335	0.165037
255.058	0.187466
255.78	0.207933
256.503	0.218786
257.225	0.270936
257.948	0.479532
258.671	0.132811
259.393	0.176126
260.116	0.223545
260.838	0.339457
261.561	1.71717
262.283	0.351061
263.006	0.138488
263.728	0.0946081
264.451	0.101104
265.173	0.250771
265.896	0.354345
266.618	0.168585
267.341	0.160913
268.064	0.160452
268.786	0.183976
269.509	0.420736
270.231	0.20997
270.954	0.213519
271.676	0.223692
272.399	0.224463
273.121	0.544169
273.844	0.436439
274.566	0.434463
275.289	0.485908
276.012	0.640367
276.734	1.38718
277.457	0.87274
278.179	0.17888
278.902	0.181036
279.624	0.237093
280.347	0.320069
281.069	0.186426
281.792	0.214589
282.514	0.256369
283.237	0.280196
283.96	0.275488
284.682	0.176011
285.405	0.419199
286.127	0.385229
286.85	0.376845
287.572	0.371311
288.295	0.400294
289.017	0.860981
289.74	0.609144
290.462	0.578516
291.185	0.592849
291.908	0.714188
292.63	1.68131
293.353	0.594183
294.075	0.57015
294.798	0.578414
295.52	0.602498
296.243	0.910903
296.965	0.565372
297.688	0.592701
298.41	0.616084
299.133	0.66357
299.855	0.861677
300.578	0.412319
301.301	0.544591
302.023	0.595821
302.746	0.646642
303.468	0.776284
304.191	0.178992
304.913	0.461195
305.636	0.539231
306.358	0.600388
307.081	0.685594
307.803	2.20598
308.526	0.35639
309.249	0.447846
309.971	0.492405
310.694	0.54081
311.416	0.719343
312.139	0.435818
312.861	0.451634
313.584	0.454745
314.306	0.457308
315.029	0.460679
315.751	0.673033
316.474	0.479673
317.197	0.461979
317.919	0.454639
318.642	0.456459
319.364	1.13949
320.087	0.313157
320.809	0.298606
321.532	0.239349
322.254	0.127463
322.977	0.885258
323.699	1.34248
324.422	0.740864
325.145	0.599082
325.867	0.517746
326.59	0.379821
327.312	0.950023
328.035	0.574919
328.757	0.522277
329.48	0.487147
330.202	0.470104
330.925	0.809691
331.647	0.403611
332.37	0.401422
333.092	0.39285
333.815	0.400586
334.538	0.712601
335.26	0.698271
335.983	0.503384
336.705	0.484174
337.428	0.55511
338.15	0.870525
338.873	1.28837
339.595	0.152255
340.318	0.12153
341.04	0.143348
341.763	0.156893
342.486	0.353522
343.208	0.221261
343.931	0.211186
344.653	0.213355
345.376	0.206509
346.098	0.357332
346.821	0.407809
347.543	0.316197
348.266	0.311171
348.988	0.331509
349.711	0.485423
350.434	0.872441
351.156	0.340979
351.879	0.313896
352.601	0.331327
353.324	0.357218
354.046	1.97662
354.769	0.315765
355.491	0.350097
356.214	0.375987
356.936	0.446807
357.659	0.791636
358.382	0.116601
359.104	0.279237
359.827	0.334138
360.549	0.382719
361.272	0.514293
361.994	0.235824
362.717	0.266339
363.439	0.305636
364.162	0.325879
364.884	0.34637
365.607	0.93955
366.329	0.367165
367.052	0.370676
367.775	0.390557
368.497	0.450652
369.22	1.37416
369.942	0.929014
370.665	0.552217
371.387	0.473325
372.11	0.418027
372.832	0.289397
373.555	0.933271
374.277	0.588747
375	0.538128
375.723	0.515567
376.445	0.506705
377.168	1.04593
377.89	0.520657
378.613	0.519896
379.335	0.535814
380.058	0.617926
380.78	1.29718
381.503	0.277117
382.225	0.268429
382.948	0.298183
383.671	0.330325
384.393	0.668611
385.116	1.61807
385.838	0.640299
386.561	0.499627
387.283	0.437873
388.006	0.403549
388.728	0.823167
389.451	0.363627
390.173	0.349468
390.896	0.336541
391.618	0.311791
392.341	0.528597
393.064	0.357621
393.786	0.265033
394.509	0.223231
395.231	0.17773
395.954	0.379494
396.676	1.15825
397.399	0.487961
398.121	0.377595
398.844	0.330478
399.566	0.346806
400.289	1.5273
401.012	0.100076
401.734	0.106309
402.457	0.0813551
403.179	0.0465106
403.902	0.434007
404.624	0.283875
405.347	0.150272
406.069	0.0924982
406.792	0.0632948
407.514	0.206064
408.237	0.528934
408.96	0.180974
409.682	0.109582
410.405	0.0617625
411.127	0.0371396
411.85	1.32371
412.572	0.134398
413.295	0.0642913
414.017	0.0130807
414.74	0.159647
415.462	1.40723
416.185	0.697487
416.908	0.378774
417.63	0.290284
418.353	0.218323
419.075	0.0520699
419.798	0.77331
420.52	0.446314
421.243	0.402215
421.965	0.371331
422.688	0.337175
423.41	0.97477
424.133	0.451323
424.855	0.436946
425.578	0.457204
426.301	0.52896
427.023	1.4466
427.746	0.406505
428.468	0.361191
429.191	0.384627
429.913	0.460851
430.636	0.991863
431.358	1.34419
432.081	0.580701
432.803	0.475623
433.526	0.434188
434.249	0.418118
434.971	0.789902
435.694	0.403671
436.416	0.398113
437.139	0.362986
437.861	0.360489
438.584	0.553629
439.306	0.423303
440.029	0.342598
440.751	0.296736
441.474	0.210515
442.197	0.494902
442.919	1.36993
443.642	0.724296
444.364	0.599965
445.087	0.588871
445.809	0.68529
446.532	1.30307
447.254	0.163871
447.977	0.218752
448.699	0.224865
449.422	0.190792
450.145	0.423928
450.867	0.380666
451.59	0.294022
452.312	0.245174
453.035	0.199408
453.757	0.298609
454.48	0.604692
455.202	0.322669
455.925	0.240854
456.647	0.20787
457.37	0.223373
458.092	1.60141
458.815	0.351882
459.538	0.256752
460.26	0.200409
460.983	0.177871
461.705	1.49139
462.428	0.531537
463.15	0.357176
463.873	0.29705
464.595	0.245607
465.318	0.270294
466.04	0.733754
466.763	0.46611
467.486	0.420156
468.208	0.393248
468.931	0.361969
469.653	1.01258
470.376	0.538784
471.098	0.516288
471.821	0.538852
472.543	0.589955
473.266	1.7459
473.988	0.570773
474.711	0.579719
475.434	0.616895
476.156	0.70319
476.879	1.36539
477.601	1.14148
478.324	0.663301
479.046	0.6474
479.769	0.657895
480.491	0.710576
481.214	0.746033
481.936	0.621886
482.659	0.63858
483.382	0.650825
484.104	0.622692
484.827	0.455617
485.549	0.770938
486.272	0.708149
486.994	0.649758
487.717	0.512508
488.439	0.303204
489.162	1.89568
489.884	1.28903
490.607	1.1956
491.329	1.21319
492.052	1.42637
492.775	0.861319
493.497	0.747565
494.22	0.84626
494.942	0.88161
495.665	0.888209
496.387	0.847211
497.11	0.990274
497.832	0.972489
498.555	0.976842
499.277	0.991463
500	1.10788
500.723	1.07545
501.445	1.02135
502.168	1.03124
502.89	1.08719
503.613	1.27707
504.335	1.51794
505.058	0.898755
505.78	0.922555
506.503	0.955683
507.225	1.01876
507.948	2.50413
508.671	0.802944
509.393	0.879713
510.116	0.925879
510.838	0.996493
511.561	1.39118
512.283	0.461842
513.006	0.709807
513.728	0.771547
514.451	0.817192
515.173	0.938886
515.896	0.398929
516.618	0.611128
517.341	0.658685
518.064	0.665906
518.786	0.648278
519.509	1.7174
520.231	0.740509
520.954	0.697177
521.676	0.683198
522.399	0.69354
523.121	1.33026
523.844	1.21809
524.566	0.798892
525.289	0.70264
526.012	0.637075
526.734	0.500469
527.457	1.32816
528.179	0.827629
528.902	0.771561
529.624	0.747034
530.347	0.752941
531.069	1.49689
531.792	0.687415
532.514	0.71213
533.237	0.766455
533.96	0.918451
534.682	1.99444
535.405	0.79282
536.127	0.495263
536.85	0.514819
537.572	0.560384
538.295	0.841358
539.017	1.51967
539.74	0.565473
540.462	0.498393
541.185	0.485874
541.908	0.458867
542.63	0.678575
543.353	0.456535
544.075	0.417456
544.798	0.389355
545.52	0.295288
546.243	0.259935
546.965	0.752013
547.688	0.52948
548.41	0.410874
549.133	0.281261
549.855	0.399384
550.578	2.32243
551.301	0.968304
552.023	0.771566
552.746	0.694499
553.468	0.640772
554.191	1.48848
554.913	0.587879
555.636	0.577814
556.358	0.570507
557.081	0.573499
557.803	0.864304
558.526	0.592446
559.249	0.513977
559.971	0.514208
560.694	0.543399
561.416	0.710922
562.139	0.556588
562.861	0.34617
563.584	0.362049
564.306	0.380292
565.029	0.39452
565.751	1.94047
566.474	0.344951
567.197	0.377962
567.919	0.417237
568.642	0.557105
569.364	1.66425
570.087	0.495174
570.809	0.186298
571.532	0.159022
572.254	0.150995
572.977	0.256254
573.699	0.830317
574.422	0.408416
575.145	0.355193
575.867	0.356478
576.59	0.347667
577.312	1.26102
578.035	0.470548
578.757	0.500882
579.48	0.580866
580.202	0.774638
580.925	2.37506
581.647	0.706076
582.37	0.402383
583.092	0.424242
583.815	0.504757
584.538	0.927791
585.26	1.43198
585.983	0.624775
586.705	0.564554
587.428	0.562645
588.15	0.574553
588.873	0.863527
589.595	0.568774
590.318	0.577661
591.04	0.556928
591.763	0.507717
592.486	0.462737
593.208	0.864071
593.931	0.698758
594.653	0.601954
595.376	0.419323
596.098	0.417698
596.821	2.85795
597.543	1.50295
598.266	1.2938
598.988	1.22761
599.711	1.25511
600.434	0.987274
601.156	0.984746
601.879	1.02313
602.601	1.02431
603.324	1.01435
604.046	1.02854
604.769	1.20553
605.491	1.13304
606.214	1.12308
606.936	1.12958
607.659	1.24076
608.382	1.25052
609.104	1.12581
609.827	1.1312
610.549	1.15336
611.272	1.26241
611.994	2.30431
612.717	0.973882
613.439	1.04071
614.162	1.0864
614.884	1.21453
615.607	2.46965
616.329	0.587455
617.052	0.778378
617.775	0.862839
618.497	0.942237
619.22	1.24081
619.942	0.194606
620.665	0.569143
621.387	0.638585
622.11	0.668748
622.832	0.715373
623.555	0.701279
624.277	0.542059
625	0.548328
625.723	0.55484
626.445	0.635924
627.168	2.66432
627.89	0.936353
628.613	0.605989
629.335	0.515608
630.058	0.484894
630.78	0.884683
631.503	1.46694
632.225	0.737304
632.948	0.607063
633.671	0.53118
634.393	0.438717
635.116	1.40565
635.838	0.678191
636.561	0.651473
637.283	0.655822
638.006	0.703757
638.728	1.36789
639.451	0.545733
640.173	0.616442
640.896	0.659507
641.618	0.75895
642.341	1.70528
643.064	2.55176
643.786	1.40001
644.509	1.24851
645.231	1.26435
645.954	1.43488
646.676	0.654053
647.399	0.945143
648.121	1.07464
648.844	1.13102
649.566	1.13111
650.289	0.50029
651.012	1.49443
651.734	1.44848
652.457	1.44917
653.179	1.42466
653.902	1.21538
654.624	2.14245
655.347	1.84889
656.069	1.81814
656.792	1.8116
657.514	1.79454
658.237	4.27358
658.96	2.24962
659.682	2.17836
660.405	2.18878
661.127	2.22847
661.85	2.89287
662.572	2.27699
663.295	2.32144
664.017	2.37796
664.74	2.4705
665.462	2.77268
666.185	2.18778
666.908	2.38578
667.63	2.47052
668.353	2.54668
669.075	2.70074
669.798	1.7621
670.52	2.41426
671.243	2.47518
671.965	2.46848
672.688	2.35933
673.41	0.67118
674.133	3.30686
674.855	3.11966
675.578	3.12523
676.301	3.24924
677.023	4.01789
677.746	2.13596
678.468	2.65784
679.191	2.79801
679.913	2.87939
680.636	2.99864
681.358	2.55697
682.081	2.83621
682.803	2.89867
683.526	2.93386
684.249	2.96032
684.971	3.09433
685.694	3.02752
686.416	3.05115
687.139	3.12419
687.861	3.28727
688.584	4.5951
689.306	3.02305
690.029	2.78238
690.751	2.78904
691.474	2.77487
692.197	2.62349
692.919	4.10062
693.642	3.15382
694.364	3.05458
695.087	3.0402
695.809	3.05885
696.532	3.8606
697.254	2.91943
697.977	2.96847
698.699	3.01432
699.422	3.11575
700.145	3.67554
700.867	2.36028
701.59	2.72898
702.312	2.86577
703.035	3.05551
703.757	3.74627
704.48	1.96124
705.202	1.94465
705.925	2.1778
706.647	2.27562
707.37	2.31632
708.092	3.45785
708.815	2.22803
709.538	2.24455
710.26	2.24174
710.983	2.24596
711.705	2.36921
712.428	2.1596
713.15	2.11417
713.873	2.08474
714.595	2.03316
715.318	1.95489
716.04	2.52436
716.763	2.08223
717.486	2.01637
718.208	1.9825
718.931	1.9863
719.653	5.78577
720.376	1.64094
721.098	1.63115
721.821	1.55384
722.543	1.38879
723.266	0.654144
723.988	2.37685
724.711	1.87402
725.434	1.7059
726.156	1.57117
726.879	1.29621
727.601	2.41875
728.324	1.76224
729.046	1.64442
729.769	1.58816
730.491	1.54128
731.214	2.56068
731.936	1.47374
732.659	1.48755
733.382	1.57704
734.104	1.87621
734.827	4.56353
735.549	1.65729
736.272	0.863985
736.994	0.812939
737.717	0.812953
738.439	0.993927
739.162	1.6117
739.884	0.789505
740.607	0.694329
741.329	0.637149
742.052	0.593612
742.775	1.12629
743.497	0.495066
744.22	0.446213
744.942	0.393048
745.665	0.380539
746.387	0.964556
747.11	0.508734
747.832	0.207013
748.555	0.197423
749.277	0.528341
750	1.89453
750.723	4.41305
751.445	1.33503
752.168	0.848146
752.89	0.640902
753.613	0.520268
754.335	1.31278
755.058	0.264116
755.78	0.207549
756.503	0.139144
757.225	0.118777
757.948	0.755259
758.671	0.411455
759.393	0.158166
760.116	0.0662318
760.838	0.135687
761.561	0.497377
762.283	0.930546
763.006	0.217961
763.728	0.082455
764.451	0.0541205
765.173	0.211436
765.896	5.54829
766.618	0.286516
767.341	0.170818
768.064	0.135697
768.786	0.18939
769.509	1.29764
770.231	0.776532
770.954	0.450886
771.676	0.361382
772.399	0.282481
773.121	0.165522
773.844	1.18486
774.566	0.662017
775.289	0.586432
776.012	0.55806
776.734	0.532695
777.457	1.81641
778.179	0.759705
778.902	0.817308
779.624	0.985806
780.347	1.45008
781.069	5.69464
781.792	1.6043
782.514	0.56897
783.237	0.348945
783.96	0.353601
784.682	0.837375
785.405	1.32955
786.127	0.483887
786.85	0.353316
787.572	0.288191
788.295	0.224299
789.017	1.27072
789.74	0.372991
790.462	0.359522
791.185	0.385138
791.908	0.493848
792.63	1.4238
793.353	0.0588119
794.075	0.338446
794.798	0.614956
795.52	1.15779
796.243	3.4943
796.965	4.86297
797.688	1.55938
798.41	0.969815
799.133	0.731286
799.855	0.669177
800.578	1.32733
801.301	0.222471
802.023	0.221793
802.746	0.221902
803.468	0.282954
804.191	1.02378
804.913	0.254171
805.636	0.222114
806.358	0.300908
807.081	0.448326
807.803	0.95589
808.526	0.579292
809.249	0.15237
809.971	0.334063
810.694	0.581396
811.416	1.19305
812.139	6.91464
812.861	0.613321
813.584	0.243642
814.306	0.17499
815.029	0.282177
815.751	1.53586
816.474	0.526607
817.197	0.404929
817.919	0.389794
818.642	0.404148
819.364	0.54725
820.087	1.07948
820.809	0.721712
821.532	0.695229
822.254	0.692543
822.977	0.63461
823.699	2.0249
824.422	1.08287
825.145	1.12512
825.867	1.31637
826.59	1.83372
827.312	8.36132
828.035	0.991743
828.757	0.173173
829.48	0.175473
830.202	0.165534
830.925	0.471537
831.647	1.71618
832.37	1.0426
833.092	0.927571
833.815	0.85866
834.538	0.761458
835.26	1.89777
835.983	1.09657
836.705	1.05837
837.428	1.07294
838.15	1.14694
838.873	2.15798
839.595	0.903929
840.318	1.08627
841.04	1.31445
841.763	1.95586
842.486	5.82902
843.208	5.88194
843.931	2.34869
844.653	1.70833
845.376	1.5109
846.098	1.55851
846.821	0.697966
847.543	0.835951
848.266	0.870779
848.988	0.847665
849.711	0.769664
850.434	0.170512
851.156	0.979589
851.879	0.850577
852.601	0.743596
853.324	0.608225
854.046	0.469443
854.769	1.46682
855.491	0.913487
856.214	0.753888
856.936	0.76959
857.659	1.92876
858.382	10.3039
859.104	2.46649
859.827	1.71656
860.549	1.41322
861.272	1.22266
861.994	1.45428
862.717	1.23275
863.439	1.11819
864.162	1.05015
864.884	1.00683
865.607	1.21817
866.329	1.07055
867.052	0.88602
867.775	0.851768
868.497	0.835553
869.22	0.932708
869.942	1.16152
870.665	0.543262
871.387	0.477047
872.11	0.379729
872.832	0.453314
873.555	10.9783
874.277	1.93586
875	1.34301
875.723	1.20061
876.445	1.25208
877.168	2.03221
877.89	0.34068
878.613	0.530353
879.335	0.619545
880.058	0.67483
880.78	0.814676
881.503	1.02197
882.225	0.695711
882.948	0.737631
883.671	0.807219
884.393	0.907397
885.116	2.0728
885.838	1.06004
886.561	1.33991
887.283	1.83431
888.006	3.05905
888.728	10.5344
889.451	7.00548
890.173	2.69117
890.896	1.74119
891.618	1.38131
892.341	1.36668
893.064	1.45479
893.786	0.850018
894.509	0.839464
895.231	0.859185
895.954	0.89781
896.676	1.76222
897.399	0.916505
898.121	1.01362
898.844	1.13656
899.566	1.3438
900.289	2.24582
901.012	0.79164
901.734	1.38436
902.457	1.90758
903.179	2.88308
903.902	6.46265
904.624	13.8955
905.347	2.77431
906.069	1.31436
906.792	0.711607
907.514	0.358479
908.237	1.48158
908.96	0.0736372
909.682	0.103854
910.405	0.22614
911.127	0.400744
911.85	1.08084
912.572	0.423202
913.295	0.366275
914.017	0.461233
914.74	0.556637
915.462	0.781842
916.185	1.43866
916.908	0.782889
917.63	0.789038
918.353	0.834052
919.075	0.928625
919.798	21.0883
920.52	0.848691
921.243	0.901112
921.965	0.930965
922.688	0.901883
923.41	0.997637
924.133	1.75422
924.855	1.46201
925.578	1.4179
926.301	1.3942
927.023	1.18744
927.746	2.56005
928.468	1.98593
929.191	2.00679
929.913	2.07605
930.636	2.22631
931.358	3.93754
932.081	2.74374
932.803	3.23854
933.526	4.13401
934.249	6.48189
934.971	23.9016
935.694	9.7772
936.416	3.58532
937.139	2.11209
937.861	1.59519
938.584	1.6809
939.306	0.904463
940.029	0.64281
940.751	0.642254
941.474	0.63874
942.197	0.598284
942.919	1.06472
943.642	0.447708
944.364	0.3475
945.087	0.315162
945.809	0.480188
946.532	1.73768
947.254	0.26933
947.977	1.26233
948.699	2.58488
949.422	5.35436
950.145	16.909
950.867	32.4743
951.59	10.1704
952.312	6.61383
953.035	5.1474
953.757	4.36169
954.48	2.38916
955.202	3.29933
955.925	3.03537
956.647	2.79787
957.37	2.55656
958.092	2.15234
958.815	2.56917
959.538	2.32204
960.26	2.1835
960.983	2.11974
961.705	2.26151
962.428	2.04294
963.15	1.97366
963.873	2.27569
964.595	3.05591
965.318	5.7929
966.04	68.5864
966.763	4.30251
967.486	1.97923
968.208	1.08844
968.931	0.530689
969.653	0.83781
970.376	1.3026
971.098	1.31129
971.821	1.60645
972.543	1.97091
973.266	2.23825
973.988	3.89258
974.711	4.12779
975.434	4.91951
976.156	5.96225
976.879	7.27942
977.601	10.8388
978.324	12.2523
979.046	16.6485
979.769	24.987
980.491	46.7567
981.214	254.964
981.936	79.2903
982.659	35.2144
983.382	22.955
984.104	17.2583
984.827	14.3814
985.549	10.187
986.272	9.32602
986.994	8.27101
987.717	7.42671
988.439	6.82608
989.162	5.20739
989.884	5.77154
990.607	5.67591
991.329	5.77531
992.052	6.10231
992.775	5.74467
993.497	9.16787
994.22	11.5543
994.942	16.3626
995.665	27.7592
996.387	81.8275
997.11	98.4389
997.832	32.0148
998.555	19.5068
999.277	14.1578
1000	11.0666
1000.72	10.9107
1001.45	8.22703
1002.17	7.15413
1002.89	6.34934
1003.61	5.74658
1004.34	5.90591
1005.06	4.4728
1005.78	4.18975
1006.5	3.91575
1007.23	3.69246
1007.95	3.62087
1008.67	3.74351
1009.39	3.66958
1010.12	4.09518
1010.84	5.433
1011.56	10.7031
1012.28	54.618
1013.01	7.20222
1013.73	3.8315
1014.45	2.60961
1015.17	2.00192
1015.9	2.52497
1016.62	1.04812
1017.34	0.804296
1018.06	0.585819
1018.79	0.38539
1019.51	0.629941
1020.23	0.834878
1020.95	0.301502
1021.68	0.335184
1022.4	0.531814
1023.12	0.897619
1023.84	1.22613
1024.57	1.04737
1025.29	1.59442
1026.01	2.46731
1026.73	4.63577
1027.46	34.972
1028.18	5.85424
1028.9	2.49819
1029.62	1.46975
1030.35	0.917655
1031.07	1.00036
1031.79	1.33356
1032.51	0.698783
1033.24	0.579031
1033.96	0.610374
1034.68	0.749649
1035.4	0.773131
1036.13	0.513449
1036.85	0.63292
1037.57	0.741333
1038.29	0.825746
1039.02	0.547722
1039.74	1.78303
1040.46	2.17478
1041.18	3.08106
1041.91	5.36505
1042.63	17.9192
1043.35	15.7476
1044.08	5.86355
1044.8	3.74388
1045.52	2.79966
1046.24	2.08511
1046.97	3.63848
1047.69	2.24945
1048.41	1.98499
1049.13	1.85226
1049.86	1.78307
1050.58	2.60895
1051.3	1.46848
1052.02	1.49254
1052.75	1.49077
1053.47	1.51665
1054.19	1.92095
1054.91	1.93509
1055.64	1.82093
1056.36	2.11177
1057.08	2.92598
1057.8	6.19082
1058.53	18.9727
1059.25	3.72297
1059.97	2.17231
1060.69	1.63762
1061.42	1.38635
1062.14	2.08178
1062.86	1.07916
1063.58	1.00284
1064.31	0.919581
1065.03	0.783378
1065.75	0.560673
1066.47	1.47986
1067.2	1.07124
1067.92	0.931393
1068.64	0.811364
1069.36	0.47393
1070.09	2.57685
1070.81	1.26903
1071.53	1.07373
1072.25	0.960904
1072.98	0.937678
1073.7	16.4934
1074.42	2.22181
1075.14	1.66039
1075.87	1.50099
1076.59	1.42846
1077.31	1.65457
1078.03	1.79105
1078.76	1.54594
1079.48	1.52891
1080.2	1.56826
1080.92	1.68651
1081.65	1.55658
1082.37	1.51303
1083.09	1.59344
1083.82	1.66136
1084.54	1.72507
1085.26	1.18308
1085.98	2.19181
1086.71	2.46469
1087.43	3.00367
1088.15	4.34819
1088.87	12.912
1089.6	5.76724
1090.32	1.49323
1091.04	0.461854
1091.76	0.240083
1092.49	0.766456
1093.21	1.04812
1093.93	0.150604
1094.65	0.336291
1095.38	0.438809
1096.1	0.501082
1096.82	0.945834
1097.54	0.606686
1098.27	0.62271
1098.99	0.610311
1099.71	0.56642
1100.43	1.16818
1101.16	1.55845
1101.88	1.23368
1102.6	1.36648
1103.32	1.99415
1104.05	4.95579
1104.77	11.2921
1105.49	3.11189
1106.21	2.02978
1106.94	1.62186
1107.66	1.41435
1108.38	2.87359
1109.1	1.20811
1109.83	1.17063
1110.55	1.17157
1111.27	1.23716
1111.99	1.97632
1112.72	0.422611
1113.44	0.717326
1114.16	0.812433
1114.88	0.929648
1115.61	1.40599
1116.33	1.10533
1117.05	0.264471
1117.77	0.321536
1118.5	0.328403
1119.22	0.28758
1119.94	11.9209
1120.66	0.548268
1121.39	0.473453
1122.11	0.462088
1122.83	0.549923
1123.55	1.53665
1124.28	0.44397
1125	0.120785
1125.72	0.102134
1126.45	0.207708
1127.17	0.58561
1127.89	0.9343
1128.61	0.180896
1129.34	0.116075
1130.06	0.212851
1130.78	0.351034
1131.5	1.67105
1132.23	0.49959
1132.95	0.766653
1133.67	1.14566
1134.39	2.08803
1135.12	9.20268
1135.84	3.56046
1136.56	1.35359
1137.28	0.712043
1138.01	0.39293
1138.73	0.558213
1139.45	1.41738
1140.17	0.472203
1140.9	0.286679
1141.62	0.215111
1142.34	0.236353
1143.06	1.1078
1143.79	0.172494
1144.51	0.22811
1145.23	0.234239
1145.95	0.162554
1146.68	1.18389
1147.4	1.42749
1148.12	1.21715
1148.84	1.42882
1149.57	2.05916
1150.29	5.07643
1151.01	7.07886
1151.73	2.04602
1152.46	1.28047
1153.18	0.994984
1153.9	0.844947
1154.62	2.3803
1155.35	1.02494
1156.07	1.00165
1156.79	1.03667
1157.51	1.15153
1158.24	2.04436
1158.96	0.713943
1159.68	0.925895
1160.4	1.05962
1161.13	1.2458
1161.85	1.98028
1162.57	0.723003
1163.29	0.438718
1164.02	0.561526
1164.74	0.505769
1165.46	0.0736063
1166.18	9.75937
1166.91	1.92762
1167.63	1.61232
1168.35	1.56258
1169.08	1.62694
1169.8	2.73821
1170.52	1.01063
1171.24	1.2255
1171.97	1.31846
1172.69	1.42593
1173.41	1.8067
1174.13	0.989844
1174.86	1.12794
1175.58	1.21528
1176.3	1.26101
1177.02	1.33472
1177.75	2.08896
1178.47	1.19405
1179.19	1.19641
1179.91	1.24078
1180.64	1.46762
1181.36	7.23226
1182.08	2.71833
1182.8	1.78039
1183.53	1.5109
1184.25	1.30855
1184.97	0.881948
1185.69	2.45238
1186.42	1.74712
1187.14	1.58392
1187.86	1.48764
1188.58	1.33279
1189.31	2.74469
1190.03	1.61989
1190.75	1.54371
1191.47	1.52507
1192.2	1.59418
1192.92	3.2102
1193.64	0.774152
1194.36	0.877542
1195.09	0.847174
1195.81	1.00599
1196.53	3.76829
1197.25	6.067
1197.98	2.79506
1198.7	2.1514
1199.42	1.85428
1200.14	1.61688
1200.87	2.8263
1201.59	1.72369
1202.31	1.60316
1203.03	1.53059
1203.76	1.49502
1204.48	2.00562
1205.2	1.32186
1205.92	1.28701
1206.65	1.22796
1207.37	1.16989
1208.09	1.38356
1208.82	2.35879
1209.54	1.62741
1210.26	1.57508
1210.98	1.7102
1211.71	2.44281
1212.43	5.9384
1213.15	0.513686
1213.87	0.442496
1214.6	0.455754
1215.32	0.3972
1216.04	0.948952
1216.76	0.783442
1217.49	0.613006
1218.21	0.521213
1218.93	0.375531
1219.65	0.448476
1220.38	1.28157
1221.1	0.748827
1221.82	0.60474
1222.54	0.51149
1223.27	0.530777
1223.99	2.41322
1224.71	0.715575
1225.43	0.569758
1226.16	0.547671
1226.88	0.745452
1227.6	6.45753
1228.32	1.05947
1229.05	0.610102
1229.77	0.482562
1230.49	0.477407
1231.21	1.08963
1231.94	0.98385
1232.66	0.458528
1233.38	0.357428
1234.1	0.320968
1234.83	0.433515
1235.55	1.23374
1236.27	0.307529
1236.99	0.240619
1237.72	0.210787
1238.44	0.209407
1239.16	2.08323
1239.88	0.601266
1240.61	0.592877
1241.33	0.785174
1242.05	1.32378
1242.77	4.53162
1243.5	3.52558
1244.22	1.32327
1244.94	0.825097
1245.66	0.55566
1246.39	0.270971
1247.11	1.91971
1247.83	0.770825
1248.55	0.635821
1249.28	0.580175
1250	0.576425
1250.72	1.68894
1251.45	0.384263
1252.17	0.414938
1252.89	0.444678
1253.61	0.5611
1254.34	1.70456
1255.06	1.44911
1255.78	0.814439
1256.5	0.794173
1257.23	1.0205
1257.95	2.08707
1258.67	5.23226
1259.39	1.03838
1260.12	0.566727
1260.84	0.405759
1261.56	0.352382
1262.28	1.72194
1263.01	0.125878
1263.73	0.170237
1264.45	0.223224
1265.17	0.367926
1265.9	1.12735
1266.62	0.505983
1267.34	0.0625548
1268.06	0.141425
1268.79	0.331651
1269.51	0.87871
1270.23	2.05224
1270.95	0.353629
1271.68	0.114314
1272.4	0.0729164
1273.12	0.243096
1273.84	5.7874
1274.57	0.090773
1275.29	0.0968112
1276.01	0.219198
1276.73	0.385477
1277.46	1.29748
1278.18	0.600284
1278.9	0.219854
1279.62	0.195823
1280.35	0.24378
1281.07	0.47691
1281.79	1.26257
1282.51	0.458389
1283.24	0.382487
1283.96	0.366708
1284.68	0.360834
1285.4	2.66637
1286.13	0.273959
1286.85	0.236862
1287.57	0.261115
1288.29	0.610093
1289.02	3.85572
1289.74	2.95559
1290.46	1.5495
1291.18	1.18825
1291.91	0.955495
1292.63	0.532325
1293.35	2.36058
1294.08	1.39103
1294.8	1.24457
1295.52	1.19207
1296.24	1.16389
1296.97	2.40907
1297.69	1.15582
1298.41	1.17626
1299.13	1.21005
1299.86	1.34684
1300.58	2.69612
1301.3	1.21614
1302.02	1.04578
1302.75	1.10521
1303.47	1.30332
1304.19	2.43705
1304.91	4.37224
1305.64	1.48205
1306.36	1.17338
1307.08	1.06667
1307.8	1.00137
1308.53	1.73482
1309.25	0.926977
1309.97	0.87718
1310.69	0.834423
1311.42	0.749299
1312.14	0.900836
1312.86	1.19593
1313.58	0.898056
1314.31	0.748528
1315.03	0.537868
1315.75	0.351604
1316.47	2.98528
1317.2	1.4663
1317.92	1.21308
1318.64	1.12436
1319.36	1.15431
1320.09	4.18019
1320.81	0.625705
1321.53	0.66146
1322.25	0.638773
1322.98	0.576859
1323.7	1.072
1324.42	1.02898
1325.14	0.755446
1325.87	0.668874
1326.59	0.628262
1327.31	0.804408
1328.03	1.26989
1328.76	0.650457
1329.48	0.56195
1330.2	0.53036
1330.92	0.561436
1331.65	2.50511
1332.37	0.418359
1333.09	0.46965
1333.82	0.614976
1334.54	0.9907
1335.26	4.35156
1335.98	1.41704
1336.71	0.528561
1337.43	0.277061
1338.15	0.0809625
1338.87	0.474321
1339.6	1.41831
1340.32	0.631905
1341.04	0.511176
1341.76	0.471235
1342.49	0.403948
1343.21	1.91132
1343.93	0.689516
1344.65	0.690309
1345.38	0.76532
1346.1	0.962349
1346.82	2.91711
1347.54	0.567892
1348.27	0.446435
1348.99	0.523393
1349.71	0.720384
1350.43	2.15213
1351.16	3.83506
1351.88	1.62475
1352.6	1.2771
1353.32	1.14927
1354.05	1.07537
1354.77	2.23236
1355.49	1.20134
1356.21	1.15955
1356.94	1.15248
1357.66	1.14775
1358.38	1.65531
1359.1	1.20694
1359.83	1.14644
1360.55	1.10425
1361.27	1.02522
1361.99	1.20513
1362.72	3.07204
1363.44	1.88015
1364.16	1.72562
1364.88	1.75572
1365.61	2.03742
1366.33	2.99405
1367.05	0.895515
1367.77	1.08756
1368.5	1.11468
1369.22	1.04457
1369.94	0.290895
1370.66	1.62277
1371.39	1.41251
1372.11	1.32206
1372.83	1.22867
1373.55	0.9327
1374.28	2.20224
1375	1.61716
1375.72	1.5004
1376.45	1.42712
1377.17	1.35256
1377.89	3.64455
1378.61	1.62561
1379.34	1.51603
1380.06	1.48522
1380.78	1.52818
1381.5	4.24471
1382.23	1.6847
1382.95	1.46473
1383.67	1.43358
1384.39	1.45362
1385.12	1.8107
1385.84	1.32851
1386.56	1.21064
1387.28	1.21226
1388.01	1.22488
1388.73	1.29949
1389.45	1.01524
1390.17	0.946598
1390.9	0.965937
1391.62	0.917946
1392.34	0.77544
1393.06	1.81903
1393.79	1.6832
1394.51	1.46313
1395.23	1.51123
1395.95	1.80612
1396.68	3.57479
1397.4	1.72915
1398.12	0.185127
1398.84	0.300447
1399.57	0.442003
1400.29	0.638124
1401.01	1.20126
1401.73	0.32956
1402.46	0.34892
1403.18	0.369653
1403.9	0.379669
1404.62	1.39635
1405.35	0.40154
1406.07	0.363208
1406.79	0.38718
1407.51	0.579016
1408.24	1.92884
1408.96	2.00313
1409.68	0.875032
1410.4	0.688848
1411.13	0.723502
1411.85	1.18783
1412.57	3.58987
1413.29	0.612647
1414.02	0.38397
1414.74	0.327606
1415.46	0.346788
1416.18	1.5676
1416.91	0.227441
1417.63	0.222689
1418.35	0.270889
1419.08	0.372147
1419.8	1.03355
1420.52	0.804967
1421.24	0.357667
1421.97	0.319929
1422.69	0.385626
1423.41	0.791985
1424.13	2.98853
1424.86	0.712883
1425.58	0.495695
1426.3	0.444931
1427.02	0.47535
1427.75	3.72891
1428.47	0.641961
1429.19	0.497702
1429.91	0.487559
1430.64	0.556028
1431.36	1.17443
1432.08	0.85874
1432.8	0.513579
1433.53	0.460998
1434.25	0.498732
1434.97	0.662744
1435.69	1.21002
1436.42	0.406597
1437.14	0.380429
1437.86	0.370219
1438.58	0.33682
1439.31	2.82783
1440.03	0.766152
1440.75	0.723655
1441.47	0.824546
1442.2	1.13446
1442.92	3.148
1443.64	1.57043
1444.36	0.395179
1445.09	0.114886
1445.81	0.125151
1446.53	0.430991
1447.25	1.31272
1447.98	0.291683
1448.7	0.174228
1449.42	0.145454
1450.14	0.174781
1450.87	1.52691
1451.59	0.0543404
1452.31	0.139469
1453.03	0.259559
1453.76	0.552396
1454.48	2.40285
1455.2	1.79748
1455.92	0.875618
1456.65	0.730313
1457.37	0.825488
1458.09	1.53376
1458.82	2.93963
1459.54	0.537349
1460.26	0.250627
1460.98	0.150696
1461.71	0.140659
1462.43	1.51581
1463.15	0.0637339
1463.87	0.0911254
1464.6	0.133315
1465.32	0.268402
1466.04	1.11172
1466.76	0.677693
1467.49	0.278954
1468.21	0.198834
1468.93	0.3173
1469.65	1.07043
1470.38	3.14142
1471.1	0.957764
1471.82	0.668585
1472.54	0.554827
1473.27	0.492226
1473.99	3.2699
1474.71	0.487555
1475.43	0.465631
1476.16	0.458443
1476.88	0.5021
1477.6	1.1985
1478.32	0.780323
1479.05	0.526174
1479.77	0.493159
1480.49	0.524638
1481.21	0.773085
1481.94	1.20487
1482.66	0.501787
1483.38	0.457224
1484.1	0.462891
1484.83	0.480565
1485.55	3.26911
1486.27	0.499319
1486.99	0.559332
1487.72	0.672423
1488.44	0.961915
1489.16	3.13065
1489.88	1.08615
1490.61	0.319834
1491.33	0.196153
1492.05	0.273783
1492.77	0.66733
1493.5	1.12012
1494.22	0.270265
1494.94	0.135209
1495.66	0.0930489
1496.39	0.0644099
1497.11	1.51935
1497.83	0.138925
1498.55	0.151995
1499.28	0.25384
1500	0.542507
1500.72	2.92957
1501.45	1.54959
1502.17	0.828712
1502.89	0.730348
1503.61	0.872666
1504.34	1.78163
1505.06	2.41575
1505.78	0.551469
1506.5	0.259349
1507.23	0.140548
1507.95	0.0583715
1508.67	1.52671
1509.39	0.169321
1510.12	0.142388
1510.84	0.172322
1511.56	0.290841
1512.28	1.30578
1513.01	0.440618
1513.73	0.129789
1514.45	0.112507
1515.17	0.390038
1515.9	1.55158
1516.62	3.1631
1517.34	1.1329
1518.06	0.821826
1518.79	0.719042
1519.51	0.754822
1520.23	2.83038
1520.95	0.341004
1521.68	0.37324
1522.4	0.382519
1523.12	0.40774
1523.84	1.20417
1524.57	0.670617
1525.29	0.501674
1526.01	0.462334
1526.73	0.513263
1527.46	0.851401
1528.18	1.18219
1528.9	0.557281
1529.62	0.487615
1530.35	0.495794
1531.07	0.63188
1531.79	3.73094
1532.51	0.469739
1533.24	0.445265
1533.96	0.49831
1534.68	0.718685
1535.4	2.98242
1536.13	0.802783
1536.85	0.385143
1537.57	0.316233
1538.29	0.352537
1539.02	0.794887
1539.74	1.04121
1540.46	0.372405
1541.18	0.269397
1541.91	0.219948
1542.63	0.220453
1543.35	1.57351
1544.08	0.345572
1544.8	0.32855
1545.52	0.387594
1546.24	0.621262
1546.97	3.58398
1547.69	1.20113
1548.41	0.724171
1549.13	0.686176
1549.86	0.869859
1550.58	1.98504
1551.3	1.94643
1552.02	0.583732
1552.75	0.390196
1553.47	0.364311
1554.19	0.398176
1554.91	1.40392
1555.64	0.382374
1556.36	0.372514
1557.08	0.352014
1557.8	0.333931
1558.53	1.20215
1559.25	0.64407
1559.97	0.445351
1560.69	0.304374
1561.42	0.190104
1562.14	1.71167
1562.86	3.59224
1563.58	1.80625
1564.31	1.50935
1565.03	1.45903
1565.75	1.67156
1566.47	1.81966
1567.2	0.780305
1567.92	0.920632
1568.64	0.967061
1569.36	0.945628
1570.09	1.00357
1570.81	1.3074
1571.53	1.22836
1572.25	1.21383
1572.98	1.21014
1573.7	1.31888
1574.42	1.82301
1575.14	1.45727
1575.87	1.43489
1576.59	1.46305
1577.31	1.67129
1578.03	4.26264
1578.76	1.53063
1579.48	1.48845
1580.2	1.51931
1580.92	1.6297
1581.65	3.63482
1582.37	1.35507
1583.09	1.42722
1583.82	1.49973
1584.54	1.61544
1585.26	2.19314
1585.98	0.937025
1586.71	1.22841
1587.43	1.32054
1588.15	1.40937
1588.87	1.61465
1589.6	0.303248
1590.32	1.04568
1591.04	1.11324
1591.76	1.0833
1592.49	0.885671
1593.21	2.98149
1593.93	2.05953
1594.65	1.76646
1595.38	1.73333
1596.1	1.88665
1596.82	3.06847
1597.54	1.20302
1598.27	1.0223
1598.99	1.10339
1599.71	1.14631
1600.43	1.20676
1601.16	1.64984
1601.88	1.14485
1602.6	1.15079
1603.32	1.15832
1604.05	1.20076
1604.77	2.22327
1605.49	1.0727
1606.21	1.14638
1606.94	1.27385
1607.66	1.62007
1608.38	3.80963
1609.1	2.18165
1609.83	0.732366
1610.55	0.53279
1611.27	0.455154
1611.99	0.567547
1612.72	2.92144
1613.44	0.957659
1614.16	0.763441
1614.88	0.690281
1615.61	0.691861
1616.33	1.9083
1617.05	0.398218
1617.77	0.468705
1618.5	0.509838
1619.22	0.631231
1619.94	1.41159
1620.66	0.482698
1621.39	0.0832652
1622.11	0.276081
1622.83	0.524266
1623.55	1.39761
1624.28	4.36177
1625	0.98053
1625.72	0.607703
1626.45	0.464019
1627.17	0.415184
1627.89	2.50611
1628.61	0.565738
1629.34	0.530683
1630.06	0.561277
1630.78	0.649114
1631.5	1.2626
1632.23	0.810044
1632.95	0.627736
1633.67	0.666832
1634.39	0.751721
1635.12	1.01953
1635.84	1.0804
1636.56	0.576183
1637.28	0.635859
1638.01	0.65573
1638.73	0.613493
1639.45	4.17824
1640.17	1.17357
1640.9	1.13389
1641.62	1.21973
1642.34	1.47154
1643.06	2.97843
1643.79	0.357992
1644.51	0.535277
1645.23	0.747076
1645.95	0.896408
1646.68	1.19097
1647.4	0.898706
1648.12	0.747382
1648.84	0.83282
1649.57	0.875381
1650.29	0.92488
1651.01	1.72756
1651.73	1.00002
1652.46	1.06422
1653.18	1.17009
1653.9	1.4778
1654.62	4.34424
1655.35	2.47025
1656.07	1.31591
1656.79	1.11403
1657.51	1.05379
1658.24	1.2206
1658.96	2.69695
1659.68	1.34305
1660.4	1.20856
1661.13	1.17625
1661.85	1.15828
1662.57	2.40408
1663.29	1.15855
1664.02	1.18913
1664.74	1.2426
1665.46	1.38962
1666.18	2.35229
1666.91	0.525507
1667.63	0.951783
1668.35	1.18476
1669.08	1.54388
1669.8	2.93213
1670.52	3.8697
1671.24	0.596617
1671.97	0.246552
1672.69	0.229555
1673.41	0.272124
1674.13	2.67559
1674.86	0.356678
1675.58	0.366089
1676.3	0.384645
1677.02	0.463521
1677.75	1.26523
1678.47	0.475534
1679.19	0.241533
1679.91	0.19726
1680.64	0.224176
1681.36	0.599106
1682.08	1.29895
1682.8	0.382696
1683.53	0.219347
1684.25	0.101796
1684.97	0.0769084
1685.69	5.78352
1686.42	0.217641
1687.14	0.0564619
1687.86	0.121112
1688.58	0.361635
1689.31	2.04926
1690.03	0.886693
1690.75	0.332062
1691.47	0.140141
1692.2	0.055602
1692.92	0.496982
1693.64	1.13532
1694.36	0.371228
1695.09	0.22823
1695.81	0.177502
1696.53	0.136664
1697.25	1.72754
1697.98	0.354009
1698.7	0.410332
1699.42	0.573259
1700.14	1.0479
1700.87	5.2158
1701.59	2.11508
1702.31	1.0291
1703.03	0.798415
1703.76	0.815902
1704.48	1.44067
1705.2	1.71227
1705.92	0.560205
1706.65	0.444715
1707.37	0.415892
1708.09	0.387106
1708.82	1.68787
1709.54	0.5721
1710.26	0.577627
1710.98	0.634108
1711.71	0.770013
1712.43	1.91189
1713.15	0.268574
1713.87	0.55109
1714.6	0.820124
1715.32	1.31568
1716.04	3.49387
1716.76	4.55896
1717.49	1.3237
1718.21	0.783512
1718.93	0.589673
1719.65	0.59253
1720.38	2.08752
1721.1	0.211758
1721.82	0.214321
1722.54	0.24401
1723.27	0.311098
1723.99	1.23096
1724.71	0.439699
1725.43	0.323356
1726.16	0.35859
1726.88	0.458099
1727.6	0.976326
1728.32	1.09741
1729.05	0.478072
1729.77	0.480833
1730.49	0.603466
1731.21	1.03577
1731.94	6.46392
1732.66	0.72993
1733.38	0.543852
1734.1	0.570653
1734.83	0.720279
1735.55	2.41112
1736.27	0.531752
1736.99	0.508252
1737.72	0.601671
1738.44	0.745401
1739.16	1.27301
1739.88	0.454296
1740.61	0.371853
1741.33	0.516902
1742.05	0.607276
1742.77	0.773354
1743.5	0.955054
1744.22	0.39611
1744.94	0.452077
1745.66	0.437601
1746.39	0.516888
1747.11	5.92039
1747.83	2.47698
1748.55	1.7239
1749.28	1.58362
1750	1.63358
1750.72	2.35741
1751.45	1.38208
1752.17	1.16822
1752.89	1.22733
1753.61	1.28689
1754.34	1.3224
1755.06	1.99961
1755.78	1.49143
1756.5	1.52777
1757.23	1.60069
1757.95	1.72152
1758.67	2.81467
1759.39	1.61169
1760.12	1.84889
1760.84	2.14491
1761.56	2.7852
1762.28	6.02384
1763.01	3.81591
1763.73	1.02546
1764.45	0.860422
1765.17	0.888746
1765.9	0.790388
1766.62	3.21275
1767.34	1.59126
1768.06	1.52469
1768.79	1.54487
1769.51	1.62296
1770.23	2.74376
1770.95	1.3274
1771.68	1.48612
1772.4	1.58388
1773.12	1.74813
1773.84	2.45011
1774.57	0.869243
1775.29	1.30665
1776.01	1.51057
1776.73	1.77882
1777.46	2.69928
1778.18	7.22778
1778.9	1.4401
1779.62	1.22814
1780.35	1.19069
1781.07	1.19424
1781.79	2.11104
1782.51	1.33283
1783.24	1.26066
1783.96	1.21695
1784.68	1.13275
1785.4	1.00643
1786.13	1.80729
1786.85	1.42733
1787.57	1.32198
1788.29	1.23213
1789.02	1.02461
1789.74	2.74243
1790.46	1.63026
1791.18	1.57012
1791.91	1.62515
1792.63	1.95212
1793.35	9.74884
1794.08	0.0571783
1794.8	0.491167
1795.52	0.551782
1796.24	0.429398
1796.97	0.704168
1797.69	1.99359
1798.41	1.25103
1799.13	1.06428
1799.86	0.931071
1800.58	0.719268
1801.3	2.05828
1802.02	1.15834
1802.75	1.04486
1803.47	1.01154
1804.19	1.03779
1804.91	2.39128
1805.64	0.849173
1806.36	1.0036
1807.08	1.29102
1807.8	2.05665
1808.53	7.04853
1809.25	5.11494
1809.97	2.06209
1810.69	1.42714
1811.42	1.2131
1812.14	1.41656
1812.86	1.19146
1813.58	0.165264
1814.31	0.235144
1815.03	0.227783
1815.75	0.170121
1816.47	1.10411
1817.2	0.240932
1817.92	0.215296
1818.64	0.284708
1819.36	0.469157
1820.09	1.40663
1820.81	0.57027
1821.53	0.390365
1822.25	0.704968
1822.98	1.33963
1823.7	3.51219
1824.42	9.2318
1825.14	2.07106
1825.87	1.13197
1826.59	0.753881
1827.31	0.485812
1828.03	1.6811
1828.76	0.348753
1829.48	0.20803
1830.2	0.11444
1830.92	0.188253
1831.65	0.938436
1832.37	0.58287
1833.09	0.202119
1833.82	0.103904
1834.54	0.130856
1835.26	0.445744
1835.98	1.53898
1836.71	0.551854
1837.43	0.470581
1838.15	0.489927
1838.87	0.583263
1839.6	11.9104
1840.32	0.293103
1841.04	0.330625
1841.76	0.329202
1842.49	0.28224
1843.21	1.11038
1843.93	1.41492
1844.65	0.935652
1845.38	0.819963
1846.1	0.727127
1846.82	0.438671
1847.54	1.99015
1848.27	1.24726
1848.99	1.18347
1849.71	1.18488
1850.43	1.2266
1851.16	2.8896
1851.88	1.42502
1852.6	1.63767
1853.32	2.04977
1854.05	3.13697
1854.77	11.2624
1855.49	5.00334
1856.21	1.996
1856.94	1.36066
1857.66	1.22495
1858.38	1.54209
1859.1	1.18434
1859.83	0.56941
1860.55	0.611792
1861.27	0.623505
1861.99	0.605679
1862.72	0.954951
1863.44	0.507252
1864.16	0.443881
1864.88	0.341515
1865.61	0.158648
1866.33	1.04099
1867.05	0.777522
1867.77	0.240163
1868.5	0.446478
1869.22	1.47071
1869.94	5.6912
1870.66	12.9709
1871.39	4.3421
1872.11	2.99774
1872.83	2.45869
1873.55	2.18324
1874.28	1.17712
1875	1.72741
1875.72	1.66128
1876.45	1.59213
1877.17	1.5106
1877.89	1.5496
1878.61	1.68894
1879.34	1.56658
1880.06	1.52541
1880.78	1.54027
1881.5	1.7782
1882.23	1.65964
1882.95	1.42151
1883.67	1.48828
1884.39	1.63682
1885.12	2.1615
1885.84	16.5034
1886.56	0.924454
1887.28	0.972348
1888.01	1.0867
1888.73	1.28223
1889.45	2.58244
1890.17	0.470221
1890.9	0.814724
1891.62	0.935627
1892.34	1.07511
1893.06	1.47831
1893.79	0.573119
1894.51	0.792274
1895.23	0.928288
1895.95	1.01149
1896.68	1.08769
1897.4	2.09683
1898.12	1.39948
1898.84	1.65425
1899.57	2.19513
1900.29	3.75861
1901.01	18.9188
1901.73	6.2887
1902.46	2.95899
1903.18	2.1302
1903.9	1.83317
1904.62	1.94022
1905.35	1.92706
1906.07	1.5205
1906.79	1.49455
1907.51	1.49637
1908.24	1.47385
1908.96	2.61016
1909.68	1.78117
1910.4	1.8513
1911.13	1.98437
1911.85	2.2494
1912.57	3.63063
1913.29	2.07367
1914.02	2.79078
1914.74	3.73232
1915.46	5.84118
1916.18	15.6212
1916.91	18.0344
1917.63	5.36864
1918.35	3.07836
1919.08	2.16954
1919.8	1.77282
1920.52	0.556145
1921.24	0.827435
1921.97	0.740877
1922.69	0.631586
1923.41	0.512589
1924.13	0.776997
1924.86	0.752357
1925.58	0.61118
1926.3	0.580071
1927.02	0.699265
1927.75	1.32717
1928.47	1.00365
1929.19	0.908826
1929.91	1.45016
1930.64	2.45428
1931.36	5.71741
1932.08	35.0076
1932.8	4.52121
1933.53	2.38898
1934.25	1.5302
1934.97	0.991542
1935.69	1.24268
1936.42	0.854388
1937.14	0.486546
1937.86	0.297572
1938.58	0.296891
1939.31	0.846215
1940.03	0.639466
1940.75	0.431768
1941.47	0.636078
1942.2	0.856575
1942.92	1.10207
1943.64	2.576
1944.36	2.06453
1945.09	2.68408
1945.81	3.9272
1946.53	7.35143
1947.25	54.5259
1947.98	10.9541
1948.7	5.53622
1949.42	4.16265
1950.14	3.72242
1950.87	3.78476
1951.59	3.66402
1952.31	3.73332
1953.03	3.95561
1953.76	4.2294
1954.48	4.51404
1955.2	5.94503
1955.92	5.78206
1956.65	6.38551
1957.37	7.19081
1958.09	8.26506
1958.82	10.9417
1959.54	11.0922
1960.26	14.1848
1960.98	19.5277
1961.71	32.0025
1962.43	97.835
1963.15	82.4766
1963.87	27.8446
1964.6	16.3901
1965.32	11.5627
1966.04	9.1633
1966.76	5.73891
1967.49	6.09951
1968.21	5.76735
1968.93	5.66272
1969.65	5.75174
1970.38	5.18489
1971.1	6.79967
1971.82	7.38825
1972.54	8.21982
1973.27	9.25899
1973.99	10.1044
1974.71	14.2694
1975.43	17.0918
1976.16	22.7018
1976.88	34.7652
1977.6	77.9899
1978.32	255.648
1979.05	46.2362
1979.77	24.6454
1980.49	16.3909
1981.21	12.0443
1981.94	10.657
1982.66	7.11299
1983.38	5.81562
1984.1	4.78677
1984.83	4.00658
1985.55	3.78141
1986.27	2.12439
1986.99	1.87012
1987.72	1.51678
1988.44	1.23842
1989.16	1.26382
1989.88	0.789936
1990.61	0.592506
1991.33	1.18995
1992.05	2.11902
1992.77	4.53669
1993.5	68.5426
1994.22	6.06771
1994.94	3.18415
1995.66	2.36402
1996.39	2.04465
1997.11	2.0951
1997.83	2.31562
1998.55	2.1701
1999.28	2.23071
2000	2.36623
2000.72	2.60871
2001.45	2.18788
2002.17	2.59587
2002.89	2.83535
2003.61	3.0708
2004.34	3.33154
2005.06	2.42354
2005.78	4.40379
2006.5	5.18681
2007.23	6.6534
2007.95	10.2092
2008.67	32.3421
2009.39	17.0829
2010.12	5.3846
2010.84	2.59471
2011.56	1.26616
2012.28	0.274454
2013.01	1.74095
2013.73	0.478241
2014.45	0.317746
2015.17	0.352467
2015.9	0.45249
2016.62	1.06441
2017.34	0.605306
2018.06	0.644526
2018.79	0.647465
2019.51	0.647683
2020.23	0.903834
2020.95	1.68773
2021.68	1.59314
2022.4	2.10165
2023.12	3.55639
2023.84	9.65431
2024.57	23.9825
2025.29	6.44517
2026.01	4.10545
2026.73	3.21533
2027.46	2.72588
2028.18	3.91628
2028.9	2.20068
2029.62	2.05419
2030.35	1.98681
2031.07	1.96738
2031.79	2.5391
2032.51	1.1621
2033.24	1.37415
2033.96	1.39968
2034.68	1.44518
2035.4	1.73699
2036.13	0.973791
2036.85	0.881283
2037.57	0.914842
2038.29	0.888377
2039.02	0.840768
2039.74	21.094
2040.46	0.869335
2041.18	0.796917
2041.91	0.759019
2042.63	0.758381
2043.35	1.42383
2044.08	0.767391
2044.8	0.534443
2045.52	0.439495
2046.24	0.347686
2046.97	0.418518
2047.69	1.06506
2048.41	0.37843
2049.13	0.204293
2049.86	0.0834418
2050.58	0.0916337
2051.3	1.4575
2052.02	0.387572
2052.75	0.740184
2053.47	1.34475
2054.19	2.80943
2054.91	13.8575
2055.64	6.52951
2056.36	2.89496
2057.08	1.90915
2057.8	1.38216
2058.53	0.78765
2059.25	2.2484
2059.97	1.33819
2060.69	1.13035
2061.42	1.00734
2062.14	0.910936
2062.86	1.76254
2063.58	0.888567
2064.31	0.850408
2065.03	0.830904
2065.75	0.842745
2066.47	1.45474
2067.2	1.35704
2067.92	1.36668
2068.64	1.72319
2069.36	2.66538
2070.09	6.92732
2070.81	10.6005
2071.53	3.06583
2072.25	1.84075
2072.98	1.34716
2073.7	1.06871
2074.42	2.08022
2075.14	0.911213
2075.87	0.812221
2076.59	0.743004
2077.31	0.701358
2078.03	1.0237
2078.76	0.821735
2079.48	0.67995
2080.2	0.624324
2080.92	0.535156
2081.65	0.3403
2082.37	2.03889
2083.09	1.25002
2083.82	1.19488
2084.54	1.32964
2085.26	1.89565
2085.98	10.9815
2086.71	0.422495
2087.43	0.389285
2088.15	0.488734
2088.87	0.552031
2089.6	1.14801
2090.32	0.953952
2091.04	0.851011
2091.76	0.864938
2092.49	0.897145
2093.21	1.074
2093.93	1.23642
2094.65	1.02075
2095.38	1.0629
2096.1	1.12976
2096.82	1.24105
2097.54	1.46497
2098.27	1.23963
2098.99	1.43041
2099.71	1.73577
2100.43	2.4917
2101.16	10.2836
2101.88	1.97456
2102.6	0.784882
2103.32	0.761719
2104.05	0.918563
2104.77	1.46499
2105.49	0.479245
2106.21	0.615195
2106.94	0.749629
2107.66	0.855542
2108.38	0.98162
2109.1	0.164365
2109.83	0.778331
2110.55	0.854722
2111.27	0.876741
2111.99	0.840169
2112.72	0.688297
2113.44	1.57349
2114.16	1.52075
2114.88	1.7161
2115.61	2.35263
2116.33	5.84869
2117.05	5.86213
2117.77	1.95367
2118.5	1.3123
2119.22	1.08585
2119.94	0.907285
2120.66	2.15592
2121.39	1.14281
2122.11	1.07063
2122.83	1.05713
2123.55	1.09641
2124.28	1.89236
2125	0.757011
2125.72	0.856073
2126.45	0.925586
2127.17	1.04048
2127.89	1.70763
2128.61	0.479855
2129.34	0.165057
2130.06	0.174251
2130.78	0.159483
2131.5	0.955834
2132.23	8.37518
2132.95	1.81324
2133.67	1.30309
2134.39	1.11522
2135.12	1.07602
2135.84	2.01628
2136.56	0.620564
2137.28	0.682008
2138.01	0.686291
2138.73	0.714212
2139.45	1.07166
2140.17	0.540656
2140.9	0.393809
2141.62	0.38119
2142.34	0.398231
2143.06	0.521281
2143.79	1.52882
2144.51	0.266654
2145.23	0.168795
2145.95	0.254632
2146.68	0.638935
2147.4	6.91177
2148.12	1.21671
2148.84	0.586787
2149.57	0.335007
2150.29	0.152894
2151.01	0.577628
2151.73	0.958061
2152.46	0.445599
2153.18	0.298143
2153.9	0.220183
2154.62	0.253021
2155.35	1.02121
2156.07	0.277412
2156.79	0.218377
2157.51	0.219233
2158.24	0.219113
2158.96	1.31981
2159.68	0.679341
2160.4	0.737261
2161.13	0.974508
2161.85	1.56227
2162.57	4.83737
2163.29	3.52413
2164.02	1.16261
2164.74	0.61766
2165.46	0.341733
2166.18	0.0655902
2166.91	1.42829
2167.63	0.493868
2168.35	0.386557
2169.08	0.361994
2169.8	0.376981
2170.52	1.27041
2171.24	0.223535
2171.97	0.288653
2172.69	0.354426
2173.41	0.485047
2174.13	1.3236
2174.86	0.844517
2175.58	0.354011
2176.3	0.346635
2177.02	0.561778
2177.75	1.57752
2178.47	5.70976
2179.19	1.43947
2179.91	0.978564
2180.64	0.81219
2181.36	0.757153
2182.08	1.81022
2182.8	0.522584
2183.53	0.550875
2184.25	0.580489
2184.97	0.656829
2185.69	1.1768
2186.42	0.161948
2187.14	0.27528
2187.86	0.355806
2188.58	0.44585
2189.31	0.768554
2190.03	1.29851
2190.75	0.178237
2191.47	0.129006
2192.2	0.173511
2192.92	0.303262
2193.64	5.54852
2194.36	0.22623
2195.09	0.0491229
2195.81	0.079245
2196.53	0.218395
2197.25	0.927529
2197.98	0.501228
2198.7	0.136705
2199.42	0.0713279
2200.14	0.162616
2200.87	0.412101
2201.59	0.754079
2202.31	0.118932
2203.03	0.144384
2203.76	0.212358
2204.48	0.266228
2205.2	1.30479
2205.92	0.534279
2206.65	0.651891
2207.37	0.858467
2208.09	1.34531
2208.82	4.40081
2209.54	1.91365
2210.26	0.529921
2210.98	0.197775
2211.71	0.209139
2212.43	0.50762
2213.15	0.965594
2213.87	0.380539
2214.6	0.394903
2215.32	0.448571
2216.04	0.497664
2216.76	1.12328
2217.49	0.595997
2218.21	0.639343
2218.93	0.696273
2219.65	0.790678
2220.38	1.60289
2221.1	1.00681
2221.82	0.820261
2222.54	0.819947
2223.27	0.870789
2223.99	1.64769
2224.71	4.57348
2225.43	1.86946
2226.16	1.57273
2226.88	1.48516
2227.6	1.47396
2228.32	2.55521
2229.05	1.53467
2229.77	1.58359
2230.49	1.64065
2231.21	1.75913
2231.94	2.41154
2232.66	1.28815
2233.38	1.56637
2234.1	1.70173
2234.83	1.86988
2235.55	2.36843
2236.27	0.633711
2236.99	1.38563
2237.72	1.55249
2238.44	1.63175
2239.16	1.64667
2239.88	5.79667
2240.61	1.97315
2241.33	1.97449
2242.05	2.01065
2242.77	2.07865
2243.5	2.52487
2244.22	1.94453
2244.94	2.02634
2245.66	2.07938
2246.39	2.11042
2247.11	2.15931
2247.83	2.35775
2248.55	2.23911
2249.28	2.23647
2250	2.24071
2250.72	2.2269
2251.45	3.44065
2252.17	2.30782
2252.89	2.2694
2253.61	2.17308
2254.34	1.94325
2255.06	1.98675
2255.78	3.75439
2256.5	3.05485
2257.23	2.86423
2257.95	2.72787
2258.67	2.3637
2259.39	3.67693
2260.12	3.11337
2260.84	3.01249
2261.56	2.96741
2262.28	2.92041
2263.01	3.86246
2263.73	3.05493
2264.45	3.03782
2265.17	3.05343
2265.9	3.15463
2266.62	4.10341
2267.34	2.60968
2268.06	2.76612
2268.79	2.78056
2269.51	2.7712
2270.23	2.99147
2270.95	4.62737
2271.68	3.29479
2272.4	3.12839
2273.12	3.05377
2273.84	3.02873
2274.57	3.10864
2275.29	2.96389
2276.01	2.93687
2276.73	2.90161
2277.46	2.83942
2278.18	2.56909
2278.9	3.00133
2279.62	2.88186
2280.35	2.80082
2281.07	2.66189
2281.79	2.14943
2282.51	4.02032
2283.24	3.24711
2283.96	3.12233
2284.68	3.1145
2285.4	3.29311
2286.13	0.672693
2286.85	2.37016
2287.57	2.47507
2288.29	2.47977
2289.02	2.4168
2289.74	1.76107
2290.46	2.7102
2291.18	2.55237
2291.91	2.47509
2292.63	2.3892
2293.35	2.18836
2294.08	2.78391
2294.8	2.47589
2295.52	2.38215
2296.24	2.32475
2296.97	2.27833
2297.69	2.90916
2298.41	2.23298
2299.13	2.19262
2299.86	2.18187
2300.58	2.25304
2301.3	4.25757
2302.02	1.80337
2302.75	1.81545
2303.47	1.82079
2304.19	1.8502
2304.91	2.13816
2305.64	1.22129
2306.36	1.42797
2307.08	1.45148
2307.8	1.44974
2308.53	1.49297
2309.25	0.505208
2309.97	1.13541
2310.69	1.13387
2311.42	1.07632
2312.14	0.944798
2312.86	0.642211
2313.58	1.44692
2314.31	1.27163
2315.03	1.25478
2315.75	1.40536
2316.47	2.54537
2317.2	1.7121
2317.92	0.757694
2318.64	0.659977
2319.36	0.618388
2320.09	0.549531
2320.81	1.36815
2321.53	0.703202
2322.25	0.656635
2322.98	0.653093
2323.7	0.681057
2324.42	1.40496
2325.14	0.436656
2325.87	0.531337
2326.59	0.608127
2327.31	0.738955
2328.03	1.46332
2328.76	0.885465
2329.48	0.480093
2330.2	0.511078
2330.92	0.59987
2331.65	0.920875
2332.37	2.67646
2333.09	0.63726
2333.82	0.557117
2334.54	0.550529
2335.26	0.543954
2335.98	0.704829
2336.71	0.720093
2337.43	0.671879
2338.15	0.641327
2338.87	0.57188
2339.6	0.202187
2340.32	1.24683
2341.04	0.945138
2341.76	0.865528
2342.49	0.781391
2343.21	0.591598
2343.93	2.47614
2344.65	1.21241
2345.38	1.08462
2346.1	1.03843
2346.82	0.969997
2347.54	2.29364
2348.27	1.27246
2348.99	1.15761
2349.71	1.13348
2350.43	1.12657
2351.16	1.24541
2351.88	1.2479
2352.6	1.13231
2353.32	1.12464
2354.05	1.13356
2354.77	1.20311
2355.49	1.03592
2356.21	1.01658
2356.94	1.02549
2357.66	1.02336
2358.38	0.983171
2359.1	0.991981
2359.83	1.26249
2360.55	1.2317
2361.27	1.29688
2361.99	1.50525
2362.72	2.8489
2363.44	0.428916
2364.16	0.417448
2364.88	0.600989
2365.61	0.69769
2366.33	0.860936
2367.05	0.459589
2367.77	0.507449
2368.5	0.556742
2369.22	0.57726
2369.94	0.567871
2370.66	0.859201
2371.39	0.5758
2372.11	0.562951
2372.83	0.564265
2373.55	0.62385
2374.28	1.42284
2375	0.938525
2375.72	0.508815
2376.45	0.427347
2377.17	0.404496
2377.89	0.699049
2378.61	2.38079
2379.34	0.771102
2380.06	0.578852
2380.78	0.500066
2381.5	0.471541
2382.23	1.25909
2382.95	0.342982
2383.67	0.35377
2384.39	0.353314
2385.12	0.407068
2385.84	0.826255
2386.56	0.258914
2387.28	0.149765
2388.01	0.157543
2388.73	0.184156
2389.45	0.487569
2390.17	1.66872
2390.9	0.55373
2391.62	0.413868
2392.34	0.373721
2393.06	0.337262
2393.79	1.93971
2394.51	0.40264
2395.23	0.384187
2395.95	0.36447
2396.68	0.347417
2397.4	0.55198
2398.12	0.717149
2398.84	0.54633
2399.57	0.516227
2400.29	0.515176
2401.01	0.590671
2401.73	0.86988
2402.46	0.575532
2403.18	0.571986
2403.9	0.578546
2404.62	0.586936
2405.35	1.4899
2406.07	0.646524
2406.79	0.698658
2407.51	0.775327
2408.24	0.972099
2408.96	2.31645
2409.68	0.408627
2410.4	0.281209
2411.13	0.410941
2411.85	0.529288
2412.57	0.749163
2413.29	0.260379
2414.02	0.296323
2414.74	0.390261
2415.46	0.418161
2416.18	0.456434
2416.91	0.676055
2417.63	0.461111
2418.35	0.487611
2419.08	0.499517
2419.8	0.566239
2420.52	1.51152
2421.24	0.852596
2421.97	0.565895
2422.69	0.51961
2423.41	0.499865
2424.13	0.789794
2424.86	2.00054
2425.58	0.917849
2426.3	0.766906
2427.02	0.713589
2427.75	0.690767
2428.47	1.49736
2429.19	0.750966
2429.91	0.746426
2430.64	0.771683
2431.36	0.828526
2432.08	1.32692
2432.8	0.496241
2433.53	0.635723
2434.25	0.702058
2434.97	0.798751
2435.69	1.21421
2436.42	1.32936
2437.14	0.688291
2437.86	0.678979
2438.58	0.692685
2439.31	0.733321
2440.03	1.72511
2440.75	0.64956
2441.47	0.66611
2442.2	0.65839
2442.92	0.610731
2443.64	0.4034
2444.36	0.941043
2445.09	0.817538
2445.81	0.771635
2446.53	0.709961
2447.25	0.464514
2447.98	1.39371
2448.7	0.995816
2449.42	0.92535
2450.14	0.879779
2450.87	0.805091
2451.59	2.506
2452.31	1.01211
2453.03	0.95055
2453.76	0.917542
2454.48	0.893092
2455.2	1.50631
2455.92	1.28311
2456.65	1.08708
2457.37	1.02952
2458.09	1.01849
2458.82	1.06909
2459.54	1.11146
2460.26	0.990383
2460.98	0.974761
2461.71	0.969719
2462.43	0.985902
2463.15	0.852065
2463.87	0.887037
2464.6	0.879533
2465.32	0.843575
2466.04	0.744612
2466.76	0.865542
2467.49	1.43058
2468.21	1.2127
2468.93	1.19385
2469.65	1.28612
2470.38	1.88587
2471.1	0.309841
2471.82	0.509293
2472.54	0.646768
2473.27	0.704894
2473.99	0.766323
2474.71	0.448402
2475.43	0.62068
2476.16	0.648257
2476.88	0.635435
2477.6	0.618033
2478.32	0.737523
2479.05	0.711296
2479.77	0.656166
2480.49	0.644338
2481.21	0.658416
2481.94	1.12784
2482.66	1.37789
2483.38	0.706663
2484.1	0.619201
2484.83	0.581738
2485.55	0.572091
2486.27	1.74254
2486.99	0.58556
2487.72	0.536608
2488.44	0.514747
2489.16	0.537625
2489.88	1.00683
2490.61	0.361849
2491.33	0.392643
2492.05	0.419385
2492.77	0.464814
2493.5	0.728627
2494.22	0.278698
2494.94	0.248129
2495.66	0.298135
2496.39	0.356706
2497.11	0.525963
2497.83	1.4946
2498.55	0.181325
2499.28	0.206201
2500	0.262763
2500.72	0.358816
2501.45	1.60133
2502.17	0.228302
2502.89	0.210157
2503.61	0.242949
2504.34	0.324352
2505.06	0.603356
2505.78	0.301149
2506.5	0.200659
2507.23	0.246128
2507.95	0.294293
2508.67	0.378806
2509.39	0.424818
2510.12	0.192049
2510.84	0.225283
2511.56	0.21814
2512.28	0.161219
2513.01	1.29893
2513.73	0.694188
2514.45	0.593116
2515.17	0.602774
2515.9	0.726039
2516.62	1.36523
2517.34	0.500094
2518.06	0.21038
2518.79	0.296655
2519.51	0.342215
2520.23	0.421569
2520.95	0.553961
2521.68	0.360169
2522.4	0.362673
2523.12	0.397658
2523.84	0.403152
2524.57	0.787225
2525.29	0.417812
2526.01	0.433014
2526.73	0.474089
2527.46	0.578492
2528.18	1.33443
2528.9	1.00196
2529.62	0.463357
2530.35	0.386069
2531.07	0.362414
2531.79	0.405806
2532.51	1.44686
2533.24	0.525112
2533.96	0.454582
2534.68	0.43494
2535.4	0.450176
2536.13	0.970653
2536.85	0.332993
2537.57	0.368162
2538.29	0.399423
2539.02	0.443575
2539.74	0.767738
2540.46	0.0584803
2541.18	0.215784
2541.91	0.287681
2542.63	0.375154
2543.35	0.688832
2544.08	1.4119
2544.8	0.156253
2545.52	0.012508
2546.24	0.0688795
2546.97	0.140572
2547.69	1.32465
2548.41	0.0418824
2549.13	0.0634973
2549.86	0.111754
2550.58	0.183221
2551.3	0.528649
2552.02	0.207518
2552.75	0.0655724
2553.47	0.0949825
2554.19	0.152196
2554.91	0.283629
2555.64	0.433536
2556.36	0.0476977
2557.08	0.0833973
2557.8	0.107403
2558.53	0.0984369
2559.25	1.52234
2559.97	0.357524
2560.69	0.337482
2561.42	0.383438
2562.14	0.493108
2562.86	1.15766
2563.58	0.382561
2564.31	0.17988
2565.03	0.226017
2565.75	0.267737
2566.47	0.358796
2567.2	0.530061
2567.92	0.31399
2568.64	0.339012
2569.36	0.352051
2570.09	0.366553
2570.81	0.823201
2571.53	0.4051
2572.25	0.439563
2572.98	0.501333
2573.7	0.641775
2574.42	1.6114
2575.14	0.678179
2575.87	0.33404
2576.59	0.301198
2577.31	0.271614
2578.03	0.277309
2578.76	1.3009
2579.48	0.617585
2580.2	0.536071
2580.92	0.520697
2581.65	0.522404
2582.37	1.04572
2583.09	0.504581
2583.82	0.514532
2584.54	0.537491
2585.26	0.588433
2585.98	0.930929
2586.71	0.285639
2587.43	0.416068
2588.15	0.471686
2588.87	0.550321
2589.6	0.92232
2590.32	1.37688
2591.04	0.446128
2591.76	0.386633
2592.49	0.366991
2593.21	0.362863
2593.93	0.942539
2594.65	0.345745
2595.38	0.32447
2596.1	0.303978
2596.82	0.264717
2597.54	0.236531
2598.27	0.514795
2598.99	0.381695
2599.71	0.332974
2600.43	0.278256
2601.16	0.116993
2601.88	0.792233
2602.6	0.445081
2603.32	0.374629
2604.05	0.349532
2604.77	0.316857
2605.49	1.97523
2606.21	0.350169
2606.94	0.326693
2607.66	0.310276
2608.38	0.338545
2609.1	0.868903
2609.83	0.486825
2610.55	0.329163
2611.27	0.308156
2611.99	0.312802
2612.72	0.402916
2613.44	0.358734
2614.16	0.203995
2614.88	0.210424
2615.61	0.207869
2616.33	0.216862
2617.05	0.355925
2617.77	0.156232
2618.5	0.14197
2619.22	0.120341
2619.94	0.153786
2620.66	1.28387
2621.39	0.878109
2622.11	0.556936
2622.83	0.484831
2623.55	0.503312
2624.28	0.695032
2625	0.714934
2625.72	0.400036
2626.45	0.392508
2627.17	0.401281
2627.89	0.404031
2628.61	0.808635
2629.34	0.468414
2630.06	0.485963
2630.78	0.521247
2631.5	0.574097
2632.23	0.946727
2632.95	0.376608
2633.67	0.515543
2634.39	0.596797
2635.12	0.737927
2635.84	1.33319
2636.56	0.892359
2637.28	0.12371
2638.01	0.237351
2638.73	0.29729
2639.45	0.312274
2640.17	1.14109
2640.9	0.453369
2641.62	0.452297
2642.34	0.460059
2643.06	0.478174
2643.79	0.672584
2644.51	0.45776
2645.23	0.454732
2645.95	0.452524
2646.68	0.450027
2647.4	0.435702
2648.12	0.71731
2648.84	0.538149
2649.57	0.4904
2650.29	0.447122
2651.01	0.359415
2651.73	2.20258
2652.46	0.67635
2653.18	0.593157
2653.9	0.532452
2654.62	0.454293
2655.35	0.179787
2656.07	0.775414
2656.79	0.643428
2657.51	0.591991
2658.24	0.540508
2658.96	0.407654
2659.68	0.860934
2660.4	0.660409
2661.13	0.61259
2661.85	0.589184
2662.57	0.561954
2663.29	0.911791
2664.02	0.599048
2664.74	0.575538
2665.46	0.567906
2666.18	0.594389
2666.91	1.68276
2667.63	0.712275
2668.35	0.58785
2669.08	0.57311
2669.8	0.603311
2670.52	0.851475
2671.24	0.405535
2671.97	0.368726
2672.69	0.373288
2673.41	0.381051
2674.13	0.413696
2674.86	0.182502
2675.58	0.273275
2676.3	0.277261
2677.02	0.252916
2677.75	0.210586
2678.47	0.186628
2679.19	0.319153
2679.91	0.23426
2680.64	0.176654
2681.36	0.172898
2682.08	0.862635
2682.8	1.39591
2683.53	0.641222
2684.25	0.485955
2684.97	0.434041
2685.69	0.434895
2686.42	0.540337
2687.14	0.222984
2687.86	0.22265
2688.58	0.212431
2689.31	0.208499
2690.03	0.415321
2690.75	0.18592
2691.47	0.16064
2692.2	0.160498
2692.92	0.166957
2693.64	0.349261
2694.36	0.257104
2695.09	0.104719
2695.81	0.095655
2696.53	0.136719
2697.25	0.343177
2697.98	1.72107
2698.7	0.33576
2699.42	0.220872
2700.14	0.17363
2700.87	0.130219
2701.59	0.481517
2702.31	0.271159
2703.03	0.217368
2703.76	0.206008
2704.48	0.185288
2705.2	0.163814
2705.92	0.440692
2706.65	0.316716
2707.37	0.301472
2708.09	0.277997
2708.82	0.268452
2709.54	0.645912
2710.26	0.371915
2710.98	0.370667
2711.71	0.377821
2712.43	0.422829
2713.15	1.7916
2713.87	0.431885
2714.6	0.404934
2715.32	0.413517
2716.04	0.448995
2716.76	0.678385
2717.49	0.424345
2718.21	0.390405
2718.93	0.407141
2719.65	0.42567
2720.38	0.465152
2721.1	0.341645
2721.82	0.37611
2722.54	0.400091
2723.27	0.395642
2723.99	0.387442
2724.71	0.213644
2725.43	0.439001
2726.16	0.393213
2726.88	0.331138
2727.6	0.193406
2728.32	0.728933
2729.05	1.51609
2729.77	0.944539
2730.49	0.834201
2731.21	0.803246
2731.94	0.881106
2732.66	0.286491
2733.38	0.598031
2734.1	0.629011
2734.83	0.651545
2735.55	0.652913
2736.27	0.517246
2736.99	0.709015
2737.72	0.702377
2738.44	0.712977
2739.16	0.697804
2739.88	0.684766
2740.61	0.837702
2741.33	0.788803
2742.05	0.784382
2742.77	0.813394
2743.5	0.946936
2744.22	1.81818
2744.94	0.919615
2745.66	0.87387
2746.39	0.868781
2747.11	0.881441
2747.83	1.11541
2748.55	0.887163
2749.28	0.907905
2750	0.925463
2750.72	0.952543
2751.45	1.09395
2752.17	0.854442
2752.89	0.921712
2753.61	0.94885
2754.34	0.984382
2755.06	1.07737
2755.78	0.690547
2756.5	0.914046
2757.23	0.951177
2757.95	0.976692
2758.67	0.962492
2759.39	0.725974
2760.12	1.10592
2760.84	1.09518
2761.56	1.11463
2762.28	1.17129
2763.01	1.42357
2763.73	0.908196
2764.45	1.03311
2765.17	1.07348
2765.9	1.0928
2766.62	1.15021
2767.34	0.999195
2768.06	1.07509
2768.79	1.1015
2769.51	1.12374
2770.23	1.13391
2770.95	1.16987
2771.68	1.16823
2772.4	1.17914
2773.12	1.20513
2773.84	1.28449
2774.57	2.10602
2775.29	1.13949
2776.01	1.07142
2776.73	1.075
2777.46	1.06309
2778.18	1.01183
2778.9	1.38795
2779.62	1.18536
2780.35	1.15923
2781.07	1.15143
2781.79	1.14671
2782.51	1.38389
2783.24	1.14238
2783.96	1.15003
2784.68	1.16482
2785.4	1.18085
2786.13	1.38559
2786.85	1.00672
2787.57	1.08838
2788.29	1.14835
2789.02	1.2279
2789.74	1.64897
2790.46	0.957476
2791.18	0.732106
2791.91	0.791864
2792.63	0.830807
2793.35	0.836012
2794.08	1.00157
2794.8	0.83957
2795.52	0.812915
2796.24	0.806195
2796.97	0.786129
2797.69	0.760706
2798.41	0.78915
2799.13	0.754358
2799.86	0.722349
2800.58	0.685142
2801.3	0.612878
2802.02	0.861302
2802.75	0.705087
2803.47	0.666904
2804.19	0.610548
2804.91	0.546796
2805.64	2.36384
2806.36	0.674542
2807.08	0.599901
2807.8	0.573188
2808.53	0.497105
2809.25	0.275285
2809.97	0.619567
2810.69	0.528635
2811.42	0.480993
2812.14	0.458568
2812.86	0.3996
2813.58	0.528948
2814.31	0.431452
2815.03	0.390671
2815.75	0.370719
2816.47	0.340327
2817.2	0.42283
2817.92	0.29294
2818.64	0.262322
2819.36	0.221127
2820.09	0.228353
2820.81	1.3703
2821.53	0.79449
2822.25	0.50002
2822.98	0.429483
2823.7	0.405796
2824.42	0.479192
2825.14	0.130727
2825.87	0.239499
2826.59	0.25884
2827.31	0.270185
2828.03	0.274913
2828.76	0.284461
2829.48	0.276824
2830.2	0.289671
2830.92	0.308057
2831.65	0.329783
2832.37	0.46763
2833.09	0.328577
2833.82	0.364197
2834.54	0.429368
2835.26	0.574745
2835.98	1.20391
2836.71	1.0609
2837.43	0.218843
2838.15	0.132246
2838.87	0.122828
2839.6	0.137266
2840.32	0.436052
2841.04	0.217789
2841.76	0.220577
2842.49	0.227354
2843.21	0.23276
2843.93	0.341539
2844.65	0.175859
2845.38	0.190393
2846.1	0.201524
2846.82	0.20472
2847.54	0.258914
2848.27	0.173193
2848.99	0.157928
2849.71	0.152281
2850.43	0.151147
2851.16	0.232414
2851.88	1.81399
2852.6	0.310285
2853.32	0.217671
2854.05	0.17769
2854.77	0.134885
2855.49	0.0550572
2856.21	0.187613
2856.94	0.149898
2857.66	0.12793
2858.38	0.102342
2859.1	0.0823029
2859.83	0.179591
2860.55	0.132654
2861.27	0.103817
2861.99	0.0989325
2862.72	0.101193
2863.44	0.165967
2864.16	0.0800082
2864.88	0.0702526
2865.61	0.0417381
2866.33	0.0708925
2867.05	1.50184
2867.77	0.547703
2868.5	0.381773
2869.22	0.350426
2869.94	0.35681
2870.66	0.429746
2871.39	0.25825
2872.11	0.31652
2872.83	0.340548
2873.55	0.363811
2874.28	0.38806
2875	0.401835
2875.72	0.420608
2876.45	0.450487
2877.17	0.462401
2877.89	0.489366
2878.61	0.603314
2879.34	0.54518
2880.06	0.587067
2880.78	0.657725
2881.5	0.824832
2882.23	1.61275
2882.95	0.735594
2883.67	0.307998
2884.39	0.377989
2885.12	0.413454
2885.84	0.429394
2886.56	0.631635
2887.28	0.548194
2888.01	0.544727
2888.73	0.565747
2889.45	0.579244
2890.17	0.664076
2890.9	0.572507
2891.62	0.602445
2892.34	0.616014
2893.06	0.626208
2893.79	0.679141
2894.51	0.580154
2895.23	0.610803
2895.95	0.631316
2896.68	0.648929
2897.4	0.780089
2898.12	1.76327
2898.84	0.694578
2899.57	0.645081
2900.29	0.632396
2901.01	0.625418
2901.73	0.559604
2902.46	0.6358
2903.18	0.617013
2903.9	0.614647
2904.62	0.592011
2905.35	0.567735
2906.07	0.638511
2906.79	0.608857
2907.51	0.573173
2908.24	0.580358
2908.96	0.534232
2909.68	0.649578
2910.4	0.579019
2911.13	0.54712
2911.85	0.568869
2912.57	0.610553
2913.29	2.14895
2914.02	0.350687
2914.74	0.398634
2915.46	0.391604
2916.18	0.37877
2916.91	0.368028
2917.63	0.3758
2918.35	0.34846
2919.08	0.345113
2919.8	0.321979
2920.52	0.309996
2921.24	0.263106
2921.97	0.256038
2922.69	0.237357
2923.41	0.217156
2924.13	0.186273
2924.86	0.0971613
2925.58	0.130691
2926.3	0.100445
2927.02	0.0883831
2927.75	0.207776
2928.47	1.18411
2929.19	1.05671
2929.91	0.513809
2930.64	0.38309
2931.36	0.336735
2932.08	0.307391
2932.8	0.27411
2933.53	0.274017
2934.25	0.273358
2934.97	0.270392
2935.69	0.285417
2936.42	0.313448
2937.14	0.303511
2937.86	0.323274
2938.58	0.345171
2939.31	0.355142
2940.03	0.404131
2940.75	0.386978
2941.47	0.42562
2942.2	0.470797
2942.92	0.564927
2943.64	0.941152
2944.36	1.30176
2945.09	0.298509
2945.81	0.299174
2946.53	0.333156
2947.25	0.345471
2947.98	0.366739
2948.7	0.379876
2949.42	0.384412
2950.14	0.396487
2950.87	0.40055
2951.59	0.400847
2952.31	0.388242
2953.03	0.391748
2953.76	0.380258
2954.48	0.363384
2955.2	0.341353
2955.92	0.293411
2956.65	0.250531
2957.37	0.145822
2958.09	0.067123
2958.82	0.669598
