0	726.229
0.576701	0.0491985
1.1534	0.012049
1.7301	0.0682107
2.30681	0.0144853
2.88351	0.0599012
3.46021	0.0276818
4.03691	0.0325952
4.61361	0.0319854
5.19031	0.0234907
5.76701	0.00738251
6.34371	0.02804
6.92042	0.0165505
7.49712	0.0214887
8.07382	0.0190298
8.65052	0.0214705
9.22722	0.00720087
9.80392	0.0101996
10.3806	0.0044691
10.9573	0.0176392
11.534	0.0212854
12.1107	0.0453874
12.6874	0.0281644
13.2641	0.0187851
13.8408	0.0474557
14.4175	0.0795516
14.9942	0.0742066
15.5709	0.0126004
16.1476	0.0446716
16.7243	0.0554366
17.301	0.0664022
17.8777	0.276264
18.4544	0.0307601
19.0311	0.0616807
19.6078	0.0413608
20.1845	0.0256166
20.7612	0.0409344
21.3379	0.00703786
21.9146	0.0262388
22.4913	0.00353869
23.0681	0.00771991
23.6448	0.0236789
24.2215	0.0168358
24.7982	0.0281996
25.3749	0.0181506
25.9516	0.00215881
26.5283	0.00373962
27.105	0.00553116
27.6817	0.0232072
28.2584	0.00910386
28.8351	0.0069249
29.4118	0.0439696
29.9885	0.0251163
30.5652	0.0390628
31.1419	0.0362408
31.7186	0.00176963
32.2953	0.0517027
32.872	0.0196459
33.4487	0.0212201
34.0254	0.0699962
34.6021	0.0139018
35.1788	0.0820634
35.7555	0.237809
36.3322	0.0808333
36.9089	0.0990815
37.4856	0.0253253
38.0623	0.0320655
38.639	0.0351077
39.2157	0.0200072
39.7924	0.0108309
40.3691	0.0115
40.9458	0.0146477
41.5225	0.0306654
42.0992	0.0250708
42.6759	0.0264882
43.2526	0.0140516
43.8293	0.0232357
44.406	0.0272971
44.9827	0.0306726
45.5594	0.0205398
46.1361	0.020784
46.7128	0.0227762
47.2895	0.0240416
47.8662	0.0231806
48.4429	0.0181611
49.0196	0.0375459
49.5963	0.040208
50.173	0.062013
50.7497	0.0190004
51.3264	0.0132804
51.9031	0.0120202
52.4798	0.0437172
53.0565	0.115302
53.6332	0.120191
54.2099	0.0528796
54.7866	0.0732951
55.3633	0.0327381
55.94	0.0366793
56.5167	0.0303521
57.0934	0.0162878
57.6701	0.0208672
58.2468	0.00969267
58.8235	0.0170444
59.4002	0.0126821
59.9769	0.0249669
60.5536	0.00798718
61.1303	0.0210618
61.707	0.0285928
62.2837	0.0225853
62.8604	0.021227
63.4371	0.00779418
64.0138	0.0140042
64.5905	0.0112193
65.1672	0.00928398
65.7439	0.00344137
66.3206	0.0301955
66.8973	0.0171459
67.474	0.0269809
68.0507	0.0216734
68.6275	0.0323242
69.2042	0.00451693
69.7809	0.0291744
70.3576	0.0165482
70.9343	0.110085
71.511	0.11449
72.0877	0.056807
72.6644	0.01759
73.2411	0.0147549
73.8178	0.0379504
74.3945	0.0306111
74.9712	0.0335073
75.5479	0.0237734
76.1246	0.0225279
76.7013	0.00691331
77.278	0.0237442
77.8547	0.0162716
78.4314	0.0191062
79.0081	0.0142719
79.5848	0.00837698
80.1615	0.0136153
80.7382	0.0075028
81.3149	0.0122845
81.8916	0.0269383
82.4683	0.00515404
83.045	0.00487588
83.6217	0.012791
84.1984	0.00595201
84.7751	0.00753366
85.3518	0.0142881
85.9285	0.00953009
86.5052	0.0298194
87.0819	0.0270975
87.6586	0.0135848
88.2353	0.0379296
88.812	0.312658
89.3887	0.096571
89.9654	0.0863259
90.5421	0.0370242
91.1188	0.0242618
91.6955	0.0378217
92.2722	0.0392095
92.8489	0.0415835
93.4256	0.0398492
94.0023	0.0343794
94.579	0.0189757
95.1557	0.0365935
95.7324	0.0339415
96.3091	0.0339462
96.8858	0.0444934
97.4625	0.0463189
98.0392	0.0508538
98.6159	0.0527245
99.1926	0.0434471
99.7693	0.046173
100.346	0.0493476
100.923	0.053201
101.499	0.0492311
102.076	0.0612326
102.653	0.0732583
103.23	0.0667802
103.806	0.0562602
104.383	0.0560468
104.96	0.0605169
105.536	0.0761486
106.113	0.0738973
106.69	0.0380819
107.266	0.0971917
107.843	0.100312
108.42	0.069176
108.997	0.0662817
109.573	0.0958728
110.15	0.0616934
110.727	0.0648339
111.303	0.076975
111.88	0.0967402
112.457	0.117497
113.033	0.123261
113.61	0.105021
114.187	0.110512
114.764	0.103807
115.34	0.112474
115.917	0.100666
116.494	0.111173
117.07	0.0984153
117.647	0.120061
118.224	0.114913
118.8	0.123786
119.377	0.126086
119.954	0.124826
120.531	0.134545
121.107	0.132868
121.684	0.145495
122.261	0.149527
122.837	0.129157
123.414	0.154721
123.991	0.149256
124.567	0.14181
125.144	0.166977
125.721	0.14111
126.298	0.154238
126.874	0.163712
127.451	0.14399
128.028	0.160227
128.604	0.167897
129.181	0.170444
129.758	0.163837
130.334	0.179356
130.911	0.17905
131.488	0.186007
132.065	0.179385
132.641	0.190917
133.218	0.201894
133.795	0.19352
134.371	0.210652
134.948	0.195971
135.525	0.18395
136.101	0.210774
136.678	0.213669
137.255	0.220237
137.832	0.211196
138.408	0.23978
138.985	0.215
139.562	0.205584
140.138	0.248327
140.715	0.283193
141.292	0.241605
141.869	0.286623
142.445	0.0693087
143.022	0.171409
143.599	0.168927
144.175	0.183936
144.752	0.211429
145.329	0.190228
145.905	0.215575
146.482	0.201406
147.059	0.225795
147.636	0.220997
148.212	0.247418
148.789	0.234486
149.366	0.253454
149.942	0.235999
150.519	0.209775
151.096	0.244224
151.672	0.276537
152.249	0.225332
152.826	0.219075
153.403	0.270502
153.979	0.268413
154.556	0.246264
155.133	0.253435
155.709	0.24072
156.286	0.261838
156.863	0.264091
157.439	0.263847
158.016	0.275836
158.593	0.25237
159.17	0.262636
159.746	0.344572
160.323	0.207737
160.9	0.214886
161.476	0.305001
162.053	0.248805
162.63	0.254871
163.206	0.276054
163.783	0.296887
164.36	0.271714
164.937	0.269294
165.513	0.28379
166.09	0.284476
166.667	0.276992
167.243	0.27552
167.82	0.265685
168.397	0.269653
168.973	0.269182
169.55	0.262778
170.127	0.269838
170.704	0.297305
171.28	0.282666
171.857	0.27305
172.434	0.26443
173.01	0.287008
173.587	0.27969
174.164	0.293407
174.74	0.264046
175.317	0.302777
175.894	0.303343
176.471	0.268403
177.047	0.327069
177.624	0.441624
178.201	0.151142
178.777	0.201696
179.354	0.241261
179.931	0.243625
180.507	0.205078
181.084	0.284627
181.661	0.240642
182.238	0.261295
182.814	0.228296
183.391	0.249402
183.968	0.285363
184.544	0.227131
185.121	0.227278
185.698	0.236547
186.275	0.23785
186.851	0.225415
187.428	0.224124
188.005	0.222421
188.581	0.23875
189.158	0.248003
189.735	0.224202
190.311	0.219791
190.888	0.23245
191.465	0.222598
192.042	0.22071
192.618	0.211834
193.195	0.20238
193.772	0.211594
194.348	0.186557
194.925	0.192997
195.502	0.224156
196.078	0.185088
196.655	0.170877
197.232	0.188731
197.809	0.167848
198.385	0.158789
198.962	0.189702
199.539	0.157879
200.115	0.133176
200.692	0.109655
201.269	0.112886
201.845	0.104287
202.422	0.091294
202.999	0.096574
203.576	0.0793743
204.152	0.0671721
204.729	0.0410541
205.306	0.0350349
205.882	0.00787048
206.459	0.0282279
207.036	0.0764949
207.612	0.0944908
208.189	0.0870013
208.766	0.0942854
209.343	0.193441
209.919	0.303998
210.496	0.385622
211.073	0.433816
211.649	1.1228
212.226	0.938211
212.803	1.52786
213.379	23.9987
213.956	2.27388
214.533	1.70313
215.11	1.76383
215.686	0.894445
216.263	0.885648
216.84	0.727854
217.416	0.623801
217.993	0.52807
218.57	0.512078
219.146	0.489064
219.723	0.487882
220.3	0.441642
220.877	0.384056
221.453	0.357027
222.03	0.367475
222.607	0.349881
223.183	0.314798
223.76	0.306211
224.337	0.298987
224.913	0.325178
225.49	0.291191
226.067	0.291979
226.644	0.239406
227.22	0.186394
227.797	0.257224
228.374	0.162629
228.95	0.228612
229.527	0.227238
230.104	0.188404
230.681	0.212397
231.257	0.321419
231.834	0.197648
232.411	0.188339
232.987	0.16716
233.564	0.165992
234.141	0.156288
234.717	0.163595
235.294	0.152692
235.871	0.142974
236.448	0.129065
237.024	0.135697
237.601	0.139383
238.178	0.121354
238.754	0.13304
239.331	0.128354
239.908	0.109602
240.484	0.0977555
241.061	0.106765
241.638	0.100775
242.215	0.0908119
242.791	0.080149
243.368	0.0806144
243.945	0.1072
244.521	0.0806777
245.098	0.0591034
245.675	0.0118994
246.251	0.0847289
246.828	0.0385923
247.405	0.0204552
247.982	0.0366827
248.558	0.0425443
249.135	0.167552
249.712	0.0605639
250.288	0.0403296
250.865	0.045654
251.442	0.0155845
252.018	0.0477842
252.595	0.0280303
253.172	0.0243996
253.749	0.0293579
254.325	0.0224168
254.902	0.0148805
255.479	0.0182042
256.055	0.00297861
256.632	0.00407163
257.209	0.0217099
257.785	0.0255385
258.362	0.0271374
258.939	0.0269396
259.516	0.0171706
260.092	0.0181551
260.669	0.0300863
261.246	0.0333488
261.822	0.0309348
262.399	0.0296957
262.976	0.0303652
263.552	0.0749553
264.129	0.0230457
264.706	0.0475145
265.283	0.0402509
265.859	0.0376837
266.436	0.0269345
267.013	0.0904749
267.589	0.0713448
268.166	0.0807758
268.743	0.0687147
269.319	0.0787951
269.896	0.0525171
270.473	0.0735556
271.05	0.0681021
271.626	0.0655244
272.203	0.0721518
272.78	0.0736624
273.356	0.0885904
273.933	0.0715461
274.51	0.0780619
275.087	0.0710135
275.663	0.0836871
276.24	0.0872389
276.817	0.0789235
277.393	0.0819177
277.97	0.0930237
278.547	0.087867
279.123	0.0782479
279.7	0.0794819
280.277	0.0902897
280.854	0.08239
281.43	0.0955517
282.007	0.0829527
282.584	0.0783877
283.16	0.0655229
283.737	0.0586428
284.314	0.144262
284.89	0.212633
285.467	0.152837
286.044	0.110473
286.621	0.118179
287.197	0.128322
287.774	0.0966545
288.351	0.110025
288.927	0.112852
289.504	0.118108
290.081	0.111954
290.657	0.111017
291.234	0.115929
291.811	0.0919447
292.388	0.110576
292.964	0.119092
293.541	0.11558
294.118	0.110862
294.694	0.109498
295.271	0.117551
295.848	0.117519
296.424	0.11686
297.001	0.0960322
297.578	0.130112
298.155	0.139685
298.731	0.106966
299.308	0.099762
299.885	0.0822061
300.461	0.103612
301.038	0.127192
301.615	0.110253
302.191	0.145165
302.768	0.0902278
303.345	0.0983008
303.922	0.0709676
304.498	0.108455
305.075	0.0911146
305.652	0.0955049
306.228	0.098409
306.805	0.0946286
307.382	0.0840438
307.958	0.0960896
308.535	0.0988157
309.112	0.0880727
309.689	0.086141
310.265	0.0861568
310.842	0.102132
311.419	0.0921384
311.995	0.0839251
312.572	0.0904176
313.149	0.0927725
313.725	0.0958388
314.302	0.0890627
314.879	0.0873838
315.456	0.0658897
316.032	0.0835761
316.609	0.0817533
317.186	0.0598999
317.762	0.0857659
318.339	0.0706494
318.916	0.0796713
319.493	0.0923013
320.069	0.0588121
320.646	0.0881261
321.223	0.100659
321.799	0.0643018
322.376	0.0606385
322.953	0.100393
323.529	0.0846771
324.106	0.0787155
324.683	0.0710674
325.26	0.0631536
325.836	0.0450029
326.413	0.0596118
326.99	0.0472669
327.566	0.0586128
328.143	0.0462422
328.72	0.0414498
329.296	0.0562863
329.873	0.0602067
330.45	0.061292
331.027	0.0394745
331.603	0.0567453
332.18	0.0447375
332.757	0.0470446
333.333	0.0408763
333.91	0.0292841
334.487	0.0333613
335.063	0.0368709
335.64	0.0277037
336.217	0.0401182
336.794	0.0277934
337.37	0.0364022
337.947	0.12921
338.524	0.0363072
339.1	0.0408314
339.677	0.033301
340.254	0.0110066
340.83	0.037062
341.407	0.0169092
341.984	0.0221033
342.561	0.0166479
343.137	0.0213767
343.714	0.0114256
344.291	0.0212835
344.867	0.0151415
345.444	0.0284379
346.021	0.001753
346.597	0.00720562
347.174	0.00742792
347.751	0.00547261
348.328	0.00692231
348.904	0.011054
349.481	0.0134864
350.058	0.00530934
350.634	0.0166867
351.211	0.00177483
351.788	0.00570651
352.364	0.0231194
352.941	0.0164725
353.518	0.0140925
354.095	0.0125925
354.671	0.0212444
355.248	0.0121094
355.825	0.035161
356.401	0.0188394
356.978	0.0163294
357.555	0.0156834
358.131	0.0275522
358.708	0.0116104
359.285	0.0303665
359.862	0.0302815
360.438	0.0261259
361.015	0.017322
361.592	0.0364443
362.168	0.0206163
362.745	0.0379643
363.322	0.0161531
363.899	0.0223375
364.475	0.0298791
365.052	0.0366273
365.629	0.0377298
366.205	0.0457468
366.782	0.0413528
367.359	0.0420457
367.935	0.0320035
368.512	0.0505069
369.089	0.0455545
369.666	0.0279595
370.242	0.0329836
370.819	0.0413331
371.396	0.0429233
371.972	0.052625
372.549	0.0477128
373.126	0.0464648
373.702	0.113623
374.279	0.0547333
374.856	0.0366947
375.433	0.0563478
376.009	0.0478979
376.586	0.0508696
377.163	0.0768246
377.739	0.07055
378.316	0.0509522
378.893	0.0483522
379.469	0.0539696
380.046	0.0445892
380.623	0.0638334
381.2	0.0500725
381.776	0.0546321
382.353	0.0428907
382.93	0.0519086
383.506	0.0449587
384.083	0.0531653
384.66	0.0664766
385.236	0.0477858
385.813	0.0377042
386.39	0.0434319
386.967	0.0530583
387.543	0.0677425
388.12	0.0601878
388.697	0.0799323
389.273	0.0572375
389.85	0.0513061
390.427	0.0649522
391.003	0.103651
391.58	0.0350649
392.157	0.0479896
392.734	0.0813233
393.31	0.0484893
393.887	0.0363392
394.464	0.075227
395.04	0.0449267
395.617	0.0573342
396.194	0.0534712
396.77	0.0592281
397.347	0.0655489
397.924	0.0477402
398.501	0.0423725
399.077	0.032223
399.654	0.0517686
400.231	0.0499042
400.807	0.0342866
401.384	0.0427714
401.961	0.0598798
402.537	0.0409899
403.114	0.0376042
403.691	0.0471833
404.268	0.0207537
404.844	0.0193059
405.421	0.0363978
405.998	0.0600858
406.574	0.0350813
407.151	0.0320169
407.728	0.0459266
408.304	0.0409831
408.881	0.0838756
409.458	0.0562776
410.035	0.052727
410.611	0.0189545
411.188	0.0106785
411.765	0.0208414
412.341	0.0516719
412.918	0.0263555
413.495	0.0190346
414.072	0.0243812
414.648	0.0193127
415.225	0.02575
415.802	0.00556941
416.378	0.0320662
416.955	0.0331361
417.532	0.0349019
418.108	0.0447774
418.685	0.0447385
419.262	0.060869
419.839	0.101905
420.415	0.132119
420.992	0.111668
421.569	0.106128
422.145	0.133096
422.722	0.179803
423.299	0.250305
423.875	0.290805
424.452	0.313467
425.029	0.714113
425.606	0.606438
426.182	0.987
426.759	7.91467
427.336	1.63619
427.912	1.20298
428.489	1.2054
429.066	0.555571
429.642	0.523575
430.219	0.395264
430.796	0.357948
431.373	0.306984
431.949	0.307525
432.526	0.281563
433.103	0.276461
433.679	0.246939
434.256	0.217307
434.833	0.203009
435.409	0.193044
435.986	0.183947
436.563	0.162129
437.14	0.158711
437.716	0.169235
438.293	0.18645
438.87	0.171022
439.446	0.159467
440.023	0.0566296
440.6	0.110863
441.176	0.197729
441.753	0.142249
442.33	0.127716
442.907	0.157015
443.483	0.108304
444.06	0.128519
444.637	0.224895
445.213	0.114887
445.79	0.0914597
446.367	0.116465
446.943	0.10101
447.52	0.0773594
448.097	0.0979694
448.674	0.0863213
449.25	0.0796799
449.827	0.0752696
450.404	0.0699997
450.98	0.0908483
451.557	0.0780683
452.134	0.076775
452.71	0.0832295
453.287	0.0757968
453.864	0.0749602
454.441	0.07701
455.017	0.0795616
455.594	0.0641736
456.171	0.0604609
456.747	0.0633497
457.324	0.0844388
457.901	0.0564267
458.478	0.0447892
459.054	0.0138737
459.631	0.0975611
460.208	0.0558636
460.784	0.04137
461.361	0.0459984
461.938	0.0425199
462.514	0.0663759
463.091	0.0360838
463.668	0.0625615
464.245	0.0323111
464.821	0.0476882
465.398	0.0524817
465.975	0.0329506
466.551	0.047124
467.128	0.037115
467.705	0.0217413
468.281	0.019721
468.858	0.0218221
469.435	0.0332433
470.012	0.0268348
470.588	0.0248319
471.165	0.0258525
471.742	0.0142736
472.318	0.0225781
472.895	0.0223905
473.472	0.0250325
474.048	0.0285031
474.625	0.00495519
475.202	0.0170742
475.779	0.0309223
476.355	0.0171295
476.932	0.0251638
477.509	0.0376037
478.085	0.0225319
478.662	0.0110781
479.239	0.0289736
479.815	0.0563299
480.392	0.0950581
480.969	0.0273224
481.546	0.0283622
482.122	0.0166329
482.699	0.00992259
483.276	0.0143296
483.852	0.0105159
484.429	0.0150917
485.006	0.0140268
485.582	0.0109985
486.159	0.00734276
486.736	0.0171183
487.313	0.00802243
487.889	0.00794626
488.466	0.0153068
489.043	0.0103602
489.619	0.0126865
490.196	0.0117446
490.773	0.0142813
491.349	0.0175891
491.926	0.0237641
492.503	0.0128632
493.08	0.0280344
493.656	0.0293554
494.233	0.0205061
494.81	0.00959541
495.386	0.039325
495.963	0.0435356
496.54	0.0264093
497.116	0.0293454
497.693	0.0971817
498.27	0.0772771
498.847	0.0431594
499.423	0.0314125
500	0.0294167
500.577	0.0291254
501.153	0.014039
501.73	0.0282779
502.307	0.0165226
502.884	0.0292906
503.46	0.0175352
504.037	0.0218172
504.614	0.0162936
505.19	0.0184803
505.767	0.0350151
506.344	0.0249971
506.92	0.0245028
507.497	0.0305825
508.074	0.0231181
508.651	0.0762843
509.227	0.015458
509.804	0.0343502
510.381	0.0336281
510.957	0.0472414
511.534	0.0480185
512.111	0.0321262
512.687	0.0513877
513.264	0.0179262
513.841	0.0263233
514.418	0.0591683
514.994	0.0407246
515.571	0.133979
516.148	0.0613597
516.724	0.0361711
517.301	0.00974436
517.878	0.0184166
518.454	0.00462201
519.031	0.0270615
519.608	0.0190153
520.185	0.0138826
520.761	0.0233024
521.338	0.0280327
521.915	0.0478231
522.491	0.109479
523.068	0.0488191
523.645	0.0171018
524.221	0.0134225
524.798	0.0211151
525.375	0.0176564
525.952	0.0178741
526.528	0.014272
527.105	0.0184115
527.682	0.0353392
528.258	0.0275726
528.835	0.0281024
529.412	0.0382448
529.988	0.0508771
530.565	0.0110726
531.142	0.0248077
531.719	0.0346197
532.295	0.0326376
532.872	0.0217117
533.449	0.0207243
534.025	0.019123
534.602	0.0257995
535.179	0.0391991
535.755	0.016789
536.332	0.039613
536.909	0.0229114
537.486	0.0276025
538.062	0.017447
538.639	0.0230935
539.216	0.0141308
539.792	0.00749978
540.369	0.00762808
540.946	0.0352854
541.522	0.0119935
542.099	0.020691
542.676	0.00741235
543.253	0.0194925
543.829	0.016975
544.406	0.0149446
544.983	0.0220018
545.559	0.0114454
546.136	0.0267909
546.713	0.0142615
547.29	0.0107716
547.866	0.0263236
548.443	0.0390845
549.02	0.0186891
549.596	0.0177073
550.173	0.0134649
550.75	0.0308994
551.326	0.21276
551.903	0.0300514
552.48	0.0161238
553.057	0.0274053
553.633	0.00874296
554.21	0.0178966
554.787	0.0132642
555.363	0.0183785
555.94	0.016528
556.517	0.00961002
557.093	0.00674674
557.67	0.0181029
558.247	0.0170048
558.824	0.0149522
559.4	0.016442
559.977	0.0225961
560.554	0.0165605
561.13	0.00822125
561.707	0.0158275
562.284	0.00608418
562.86	0.0126139
563.437	0.0117974
564.014	0.00646175
564.591	0.0184727
565.167	0.0175922
565.744	0.0383133
566.321	0.0277437
566.897	0.00845661
567.474	0.00970797
568.051	0.0207957
568.627	0.033383
569.204	0.11206
569.781	0.00459016
570.358	0.0137926
570.934	0.0129726
571.511	0.00840669
572.088	0.0216122
572.664	0.0150372
573.241	0.012105
573.818	0.0204831
574.394	0.0229529
574.971	0.011976
575.548	0.0186337
576.125	0.0111836
576.701	0.0136846
577.278	0.0135206
577.855	0.0157338
578.431	0.00567529
579.008	0.0182955
579.585	0.00834963
580.161	0.00853562
580.738	0.0151476
581.315	0.00127161
581.892	0.0234703
582.468	0.0155473
583.045	0.0183955
583.622	0.024188
584.198	0.00513302
584.775	0.0140081
585.352	0.0154065
585.928	0.0150016
586.505	0.0241357
587.082	0.0128792
587.659	0.00280779
588.235	0.024436
588.812	0.0223351
589.389	0.0112078
589.965	0.029131
590.542	0.00936645
591.119	0.0281915
591.696	0.0359767
592.272	0.0392909
592.849	0.0148277
593.426	0.0280153
594.002	0.0225163
594.579	0.0412113
595.156	0.0444596
595.732	0.0474411
596.309	0.0144018
596.886	0.00509605
597.463	0.0335209
598.039	0.00664183
598.616	0.0371979
599.193	0.0353176
599.769	0.0412796
600.346	0.00974285
600.923	0.0183684
601.499	0.0320501
602.076	0.0114768
602.653	0.0133344
603.23	0.0103862
603.806	0.0157951
604.383	0.0621578
604.96	0.0993296
605.536	0.0525854
606.113	0.020783
606.69	0.0239778
607.266	0.038174
607.843	0.036644
608.42	0.0204986
608.997	0.0207155
609.573	0.0251093
610.15	0.0124808
610.727	0.0157655
611.303	0.0278983
611.88	0.0125269
612.457	0.0102732
613.033	0.0032789
613.61	0.0150263
614.187	0.0266634
614.764	0.014442
615.34	0.0169536
615.917	0.00796202
616.494	0.0253575
617.07	0.00614477
617.647	0.0166205
618.224	0.0187012
618.8	0.019742
619.377	0.00668337
619.954	0.0243428
620.531	0.023414
621.107	0.0127337
621.684	0.0355082
622.261	0.111877
622.837	0.0773886
623.414	0.0589596
623.991	0.0365584
624.567	0.0192046
625.144	0.0655589
625.721	0.011851
626.298	0.0141445
626.874	0.0352072
627.451	0.0450327
628.028	0.0224931
628.604	0.0358546
629.181	0.0284177
629.758	0.0331947
630.334	0.0392305
630.911	0.0475495
631.488	0.0431214
632.065	0.0375172
632.641	0.0562732
633.218	0.0699172
633.795	0.0759285
634.371	0.0699958
634.948	0.0571231
635.525	0.0854932
636.101	0.117075
636.678	0.166859
637.255	0.108537
637.832	0.1611
638.408	0.314387
638.985	0.264977
639.562	0.416624
640.138	2.40571
640.715	0.790051
641.292	0.572681
641.869	0.561121
642.445	0.218829
643.022	0.18478
643.599	0.151675
644.175	0.121482
644.752	0.112222
645.329	0.121883
645.905	0.106228
646.482	0.114125
647.059	0.0996005
647.636	0.0759851
648.212	0.0647813
648.789	0.0737003
649.366	0.0568969
649.942	0.0437986
650.519	0.0416554
651.096	0.0474503
651.672	0.0748723
652.249	0.0620028
652.826	0.040311
653.403	0.0597888
653.979	0.107627
654.556	0.180659
655.133	0.143508
655.709	0.0650242
656.286	0.0757863
656.863	0.0278697
657.439	0.035966
658.016	0.097244
658.593	0.0442725
659.17	0.0229238
659.746	0.025646
660.323	0.0166154
660.9	0.0246019
661.476	0.0368229
662.053	0.0234652
662.63	0.0236349
663.206	0.0114664
663.783	0.0209566
664.36	0.0179959
664.937	0.00573633
665.513	0.0301388
666.09	0.0272908
666.667	0.0034879
667.243	0.0225429
667.82	0.0395325
668.397	0.0259355
668.973	0.0240127
669.55	0.0344313
670.127	0.0053532
670.704	0.0489605
671.28	0.0278429
671.857	0.0146812
672.434	0.0274796
673.01	0.0472541
673.587	0.0135844
674.164	0.0321894
674.74	0.0047172
675.317	0.0126494
675.894	0.043996
676.471	0.00745673
677.047	0.0168509
677.624	0.0124584
678.201	0.01127
678.777	0.0339625
679.354	0.0159631
679.931	0.0118818
680.507	0.0170801
681.084	0.016516
681.661	0.0096046
682.238	0.0211767
682.814	0.0242826
683.391	0.0103477
683.968	0.0213472
684.544	0.019234
685.121	0.00589799
685.698	0.0132626
686.275	0.0258361
686.851	0.0158751
687.428	0.0247135
688.005	0.0231073
688.581	0.0288769
689.158	0.0102534
689.735	0.00219648
690.311	0.0121418
690.888	0.00593449
691.465	0.00322722
692.042	0.0328118
692.618	0.00826529
693.195	0.0377105
693.772	0.0763244
694.348	0.0349898
694.925	0.0155105
695.502	0.00591063
696.078	0.00953414
696.655	0.0143484
697.232	0.00444173
697.809	0.00459108
698.385	0.00872877
698.962	0.0063875
699.539	0.010177
700.115	0.0142494
700.692	0.00228881
701.269	0.00423038
701.845	0.00406965
702.422	0.00607955
702.999	0.00867719
703.576	0.0139316
704.152	0.0106529
704.729	0.00606933
705.306	0.00713806
705.882	0.0120459
706.459	0.0312033
707.036	0.00178273
707.612	0.0195379
708.189	0.055919
708.766	0.0294702
709.343	0.0211214
709.919	0.0162545
710.496	0.00738057
711.073	0.0555745
711.649	0.0833676
712.226	0.0385491
712.803	0.0117819
713.379	0.00444243
713.956	0.00959821
714.533	0.00314869
715.11	0.0129114
715.686	0.00862366
716.263	0.00708388
716.84	0.00712391
717.416	0.00944893
717.993	0.00751743
718.57	0.0135729
719.146	0.0139195
719.723	0.0189391
720.3	0.0224366
720.877	0.018724
721.453	0.0259303
722.03	0.0431055
722.607	0.0203145
723.183	0.0215602
723.76	0.015992
724.337	0.00688334
724.913	0.0250679
725.49	0.0162059
726.067	0.044022
726.644	0.0165351
727.22	0.00756572
727.797	0.0209866
728.374	0.029407
728.95	0.0777074
729.527	0.0233951
730.104	0.0127731
730.681	0.0259947
731.257	0.0202826
731.834	0.0918264
732.411	0.0405671
732.987	0.0480861
733.564	0.0737034
734.141	0.0238098
734.717	0.0101633
735.294	0.198909
735.871	0.400829
736.448	0.13937
737.024	0.0533871
737.601	0.107956
738.178	0.0252601
738.754	0.0153951
739.331	0.0677777
739.908	0.0621467
740.484	0.0246424
741.061	0.016931
741.638	0.0528278
742.215	0.0348561
742.791	0.0565512
743.368	0.0324749
743.945	0.0724943
744.521	0.0253939
745.098	0.012089
745.675	0.030268
746.251	0.0250219
746.828	0.0756833
747.405	0.0326222
747.982	0.00347296
748.558	0.0137134
749.135	0.0189027
749.712	0.00683213
750.288	0.0182363
750.865	0.00829045
751.442	0.0100423
752.018	0.00425191
752.595	0.0191232
753.172	0.0111618
753.749	0.00981912
754.325	0.00683337
754.902	0.0240143
755.479	0.00463533
756.055	0.00981422
756.632	0.0176431
757.209	0.0104276
757.785	0.00798201
758.362	0.00184653
758.939	0.017294
759.516	0.0138257
760.092	0.00704684
760.669	0.0232761
761.246	0.0254722
761.822	0.0096948
762.399	0.0135853
762.976	0.0302156
763.552	0.0130252
764.129	0.0131876
764.706	0.1397
765.283	0.0202354
765.859	0.010402
766.436	0.0341667
767.013	0.00313472
767.589	0.0303234
768.166	0.0145584
768.743	0.025772
769.319	0.00324648
769.896	0.0120599
770.473	0.00898495
771.05	0.0106496
771.626	0.00973789
772.203	0.0101519
772.78	0.00921783
773.356	0.00311227
773.933	0.00310165
774.51	0.0128548
775.087	0.00393903
775.663	0.0129107
776.24	0.00881377
776.817	0.0151937
777.393	0.0225986
777.97	0.0110247
778.547	0.00049447
779.123	0.0126062
779.7	0.010063
780.277	0.00210775
780.854	0.00977101
781.43	0.00253598
782.007	0.0350169
782.584	0.143759
783.16	0.0319621
783.737	0.0252532
784.314	0.0265089
784.89	0.0171007
785.467	0.00679326
786.044	0.0110373
786.621	0.0108219
787.197	0.0147709
787.774	0.00869298
788.351	0.0145785
788.927	0.023362
789.504	0.0115249
790.081	0.0102666
790.657	0.0196262
791.234	0.0104888
791.811	0.011192
792.388	0.0120319
792.964	0.0117177
793.541	0.0133379
794.118	0.0125272
794.694	0.0147022
795.271	0.00837585
795.848	0.0178803
796.424	0.022782
797.001	0.0307586
797.578	0.0272998
798.155	0.00759229
798.731	0.0169617
799.308	0.0123522
799.885	0.0268017
800.461	0.0674173
801.038	0.0147125
801.615	0.00909731
802.191	0.0118111
802.768	0.0130398
803.345	0.02745
803.922	0.0315273
804.498	0.0196721
805.075	0.0185938
805.652	0.0188008
806.228	0.00616485
806.805	0.00746506
807.382	0.0147512
807.958	0.00952655
808.535	0.0224868
809.112	0.0206283
809.689	0.00756213
810.265	0.00948676
810.842	0.0114665
811.419	0.0109598
811.995	0.0275324
812.572	0.00493049
813.149	0.00907882
813.725	0.0206488
814.302	0.00740147
814.879	0.00970766
815.456	0.0140729
816.032	0.00666701
816.609	0.00533198
817.186	0.00822476
817.762	0.0464283
818.339	0.0360436
818.916	0.0190731
819.493	0.0131079
820.069	0.0049453
820.646	0.0319327
821.223	0.017505
821.799	0.0122978
822.376	0.0214288
822.953	0.016518
823.529	0.0160513
824.106	0.00962334
824.683	0.0246559
825.26	0.0213532
825.836	0.0208778
826.413	0.00176372
826.99	0.0101232
827.566	0.0159334
828.143	0.00432251
828.72	0.010094
829.296	0.0208171
829.873	0.0234861
830.45	0.0197209
831.027	0.0314857
831.603	0.0282733
832.18	0.0227799
832.757	0.00505627
833.333	0.0255057
833.91	0.0261871
834.487	0.00883122
835.063	0.0253699
835.64	0.0609135
836.217	0.0182842
836.794	0.0447322
837.37	0.00770505
837.947	0.0277256
838.524	0.0467108
839.1	0.0171101
839.677	0.00983982
840.254	0.0268789
840.83	0.0457279
841.407	0.0119566
841.984	0.0300345
842.561	0.0220885
843.137	0.0410302
843.714	0.0404588
844.291	0.0328891
844.867	0.0253925
845.444	0.0250319
846.021	0.0465676
846.597	0.0579275
847.174	0.0600515
847.751	0.0712094
848.328	0.0262382
848.904	0.0416696
849.481	0.0767728
850.058	0.122257
850.634	0.0914275
851.211	0.140571
851.788	0.223972
852.364	0.196673
852.941	0.300963
853.518	1.34208
854.095	0.678626
854.671	0.481862
855.248	0.458724
855.825	0.155656
856.401	0.110373
856.978	0.100138
857.555	0.0623406
858.131	0.0819145
858.708	0.0480505
859.285	0.0597461
859.862	0.054447
860.438	0.0534263
861.015	0.0449551
861.592	0.014173
862.168	0.0431934
862.745	0.0168684
863.322	0.0139624
863.899	0.0127287
864.475	0.0316061
865.052	0.0414375
865.629	0.0338058
866.205	0.0315161
866.782	0.127842
867.359	0.156101
867.935	0.256925
868.512	0.233308
869.089	0.0438511
869.666	0.0649351
870.242	0.0145975
870.819	0.0531605
871.396	0.123204
871.972	0.047579
872.549	0.0415473
873.126	0.0425274
873.702	0.0150489
874.279	0.0437834
874.856	0.0373329
875.433	0.0260777
876.009	0.0379004
876.586	0.00286043
877.163	0.0115396
877.739	0.0335211
878.316	0.0329355
878.893	0.0189764
879.469	0.0499262
880.046	0.0313299
880.623	0.0262293
881.2	0.0207094
881.776	0.0185333
882.353	0.0073659
882.93	0.0225056
883.506	0.0230757
884.083	0.0184641
884.66	0.0485348
885.236	0.0397931
885.813	0.0848449
886.39	0.0564129
886.967	0.0723584
887.543	0.0314551
888.12	0.0446932
888.697	0.100898
889.273	0.0553242
889.85	0.0616785
890.427	0.0511514
891.003	0.0866644
891.58	0.0545669
892.157	0.0192053
892.734	0.0369225
893.31	0.0146151
893.887	0.0389563
894.464	0.0334765
895.04	0.0622325
895.617	0.0181957
896.194	0.0101947
896.77	0.0154204
897.347	0.01725
897.924	0.0181388
898.501	0.0112395
899.077	0.0110551
899.654	0.0410079
900.231	0.0168532
900.807	0.0316449
901.384	0.0222904
901.961	0.0281433
902.537	0.00442486
903.114	0.0552422
903.691	0.0705606
904.268	0.03754
904.844	0.0194194
905.421	0.0270309
905.998	0.028258
906.574	0.0375697
907.151	0.0884768
907.728	0.0398499
908.304	0.0340881
908.881	0.0112646
909.458	0.0143507
910.035	0.0139736
910.611	0.0152324
911.188	0.0182274
911.765	0.0165523
912.341	0.0085884
912.918	0.0188054
913.495	0.00870846
914.072	0.0126842
914.648	0.0104943
915.225	0.0281894
915.802	0.0226413
916.378	0.00675493
916.955	0.0210021
917.532	0.0116764
918.108	0.00137972
918.685	0.00882448
919.262	0.0111922
919.839	0.0138038
920.415	0.0099389
920.992	0.0182651
921.569	0.036431
922.145	0.0142881
922.722	0.0117915
923.299	0.0217737
923.875	0.00277981
924.452	0.034418
925.029	0.0666358
925.606	0.0370261
926.182	0.0149693
926.759	0.00588108
927.336	0.0231859
927.912	0.0164523
928.489	0.00672461
929.066	0.00481552
929.642	0.0220193
930.219	0.00161859
930.796	0.00875946
931.373	0.0134965
931.949	0.00963099
932.526	0.0116967
933.103	0.00465084
933.679	0.00646671
934.256	0.0107339
934.833	0.0131731
935.409	0.0226734
935.986	0.0169562
936.563	0.0247889
937.14	0.0100795
937.716	0.00467672
938.293	0.00706905
938.87	0.0072153
939.446	0.0134133
940.023	0.0101327
940.6	0.0035848
941.176	0.0193847
941.753	0.00893763
942.33	0.049281
942.907	0.0454317
943.483	0.0302616
944.06	0.0217625
944.637	0.0154246
945.213	0.0212201
945.79	0.00705581
946.367	0.00267052
946.943	0.00615083
947.52	0.00424349
948.097	0.00954748
948.674	0.0256246
949.25	0.0480593
949.827	0.0130013
950.404	0.0045603
950.98	0.0301185
951.557	0.00510203
952.134	0.0178007
952.71	0.0135485
953.287	0.00828647
953.864	0.0159012
954.441	0.0234156
955.017	0.0145369
955.594	0.0197171
956.171	0.0375262
956.747	0.040507
957.324	0.0415816
957.901	0.027443
958.478	0.00761614
959.054	0.0266887
959.631	0.0144266
960.208	0.0530385
960.784	0.0378755
961.361	0.011181
961.938	0.0186773
962.514	0.00744575
963.091	0.0132248
963.668	0.00429197
964.245	0.00744337
964.821	0.0142281
965.398	0.0106962
965.975	0.0012627
966.551	0.0131276
967.128	0.00882709
967.705	0.0128054
968.281	0.0106515
968.858	0.00354634
969.435	0.00198866
970.012	0.0253129
970.588	0.00941475
971.165	0.0194187
971.742	0.00787408
972.318	0.0198329
972.895	0.00433885
973.472	0.0126199
974.048	0.0215591
974.625	0.0368224
975.202	0.0204586
975.779	0.0129584
976.355	0.0115688
976.932	0.0247961
977.509	0.00534171
978.085	0.0289507
978.662	0.0107561
979.239	0.00983415
979.815	0.0243345
980.392	0.015236
980.969	0.0230746
981.546	0.019001
982.122	0.0131688
982.699	0.0039462
983.276	0.0262574
983.852	0.02288
984.429	0.0236599
985.006	0.0138782
985.582	0.00142695
986.159	0.017213
986.736	0.00418978
987.313	0.0228065
987.889	0.00275621
988.466	0.00521852
989.043	0.0141875
989.619	0.0090241
990.196	0.00136693
990.773	0.000168417
991.349	0.00900492
991.926	0.0211842
992.503	0.0480172
993.08	0.0188049
993.656	0.0124456
994.233	0.00526648
994.81	0.0190952
995.386	0.0429786
995.963	0.109919
996.54	0.0252847
997.116	0.0152289
997.693	0.0399721
998.27	0.00639017
998.847	0.0134034
999.423	0.01605
1000	0.0165245
1000.58	0.00252605
1001.15	0.0214839
1001.73	0.0181234
1002.31	0.0273313
1002.88	0.0143827
1003.46	0.00520892
1004.04	0.0166282
1004.61	0.00613796
1005.19	0.0233227
1005.77	0.0237321
1006.34	0.0137405
1006.92	0.00635159
1007.5	0.0230692
1008.07	0.0104012
1008.65	0.0185601
1009.23	0.0102465
1009.8	0.00779205
1010.38	0.0314415
1010.96	0.00419616
1011.53	0.0150632
1012.11	0.0142803
1012.69	0.0302575
1013.26	0.0223647
1013.84	0.0269074
1014.42	0.00838907
1014.99	0.0179224
1015.57	0.0116495
1016.15	0.0170923
1016.72	0.0126398
1017.3	0.0224141
1017.88	0.0208771
1018.45	0.0107245
1019.03	0.00193877
1019.61	0.00739043
1020.18	0.0103823
1020.76	0.0232925
1021.34	0.0113153
1021.91	0.00261057
1022.49	0.00376887
1023.07	0.00368556
1023.64	0.0109931
1024.22	0.0141812
1024.8	0.00313268
1025.37	0.018648
1025.95	0.0238769
1026.53	0.0219552
1027.1	0.0201531
1027.68	0.0135696
1028.26	0.0550791
1028.84	0.0200655
1029.41	0.0162997
1029.99	0.00987135
1030.57	0.046561
1031.14	0.10423
1031.72	0.0683617
1032.3	0.0448525
1032.87	0.0144397
1033.45	0.0138987
1034.03	0.042437
1034.6	0.0548244
1035.18	0.00606334
1035.76	0.0614849
1036.33	0.00774111
1036.91	0.00808307
1037.49	0.00585971
1038.06	0.012698
1038.64	0.0142304
1039.22	0.0143244
1039.79	0.0114295
1040.37	0.00779918
1040.95	0.0199076
1041.52	0.0090571
1042.1	0.0110266
1042.68	0.00438384
1043.25	0.0230287
1043.83	0.0100762
1044.41	0.00660803
1044.98	0.0119784
1045.56	0.0209961
1046.14	0.0203428
1046.71	0.00434423
1047.29	0.00328824
1047.87	0.0180668
1048.44	0.0150139
1049.02	0.0577606
1049.6	0.0388407
1050.17	0.0371632
1050.75	0.0120544
1051.33	0.0114581
1051.9	0.0338802
1052.48	0.0218394
1053.06	0.0187195
1053.63	0.0239556
1054.21	0.0195543
1054.79	0.016134
1055.36	0.0171119
1055.94	0.0240199
1056.52	0.0303304
1057.09	0.0229605
1057.67	0.00941331
1058.25	0.00780512
1058.82	0.00978037
1059.4	0.0179561
1059.98	0.0279887
1060.55	0.0447606
1061.13	0.0423037
1061.71	0.0168884
1062.28	0.00772542
1062.86	0.0490568
1063.44	0.0852396
1064.01	0.122115
1064.59	0.102673
1065.17	0.145222
1065.74	0.196685
1066.32	0.238303
1066.9	0.908918
1067.47	0.623348
1068.05	0.432821
1068.63	0.397978
1069.2	0.103151
1069.78	0.0857235
1070.36	0.0760042
1070.93	0.0599478
1071.51	0.0430477
1072.09	0.0425901
1072.66	0.0371977
1073.24	0.0429398
1073.82	0.0405215
1074.39	0.0249564
1074.97	0.0189497
1075.55	0.0360159
1076.12	0.0157838
1076.7	0.0250431
1077.28	0.0154459
1077.85	0.0277144
1078.43	0.0481782
1079.01	0.0595411
1079.58	0.0558827
1080.16	0.246804
1080.74	0.305635
1081.31	0.419768
1081.89	0.477273
1082.47	0.146693
1083.04	0.102824
1083.62	0.0628477
1084.2	0.0490964
1084.78	0.0122248
1085.35	0.0456491
1085.93	0.0492925
1086.51	0.0312396
1087.08	0.014013
1087.66	0.0364598
1088.24	0.0360644
1088.81	0.019965
1089.39	0.013304
1089.97	0.00891906
1090.54	0.0140078
1091.12	0.0213799
1091.7	0.0210897
1092.27	0.0181555
1092.85	0.0245297
1093.43	0.026029
1094	0.0160428
1094.58	0.0123317
1095.16	0.00544759
1095.73	0.00154376
1096.31	0.0244951
1096.89	0.0206663
1097.46	0.00549402
1098.04	0.0301927
1098.62	0.0455475
1099.19	0.0468745
1099.77	0.0507618
1100.35	0.00301892
1100.92	0.0276701
1101.5	0.0160869
1102.08	0.00465751
1102.65	0.00675807
1103.23	0.00447441
1103.81	0.0120132
1104.38	0.0191649
1104.96	0.0104
1105.54	0.0186232
1106.11	0.00810088
1106.69	0.0107576
1107.27	0.00459243
1107.84	0.0152049
1108.42	0.0135553
1109	0.0123542
1109.57	0.0112354
1110.15	0.010543
1110.73	0.0209096
1111.3	0.00401812
1111.88	0.0130322
1112.46	0.0177248
1113.03	0.0232583
1113.61	0.00855683
1114.19	0.0376092
1114.76	0.0172218
1115.34	0.00771189
1115.92	0.0171762
1116.49	0.0292823
1117.07	0.056683
1117.65	0.0213847
1118.22	0.0129657
1118.8	0.0118379
1119.38	0.013004
1119.95	0.0130099
1120.53	0.0341769
1121.11	0.0218937
1121.68	0.00974952
1122.26	0.00813169
1122.84	0.00558651
1123.41	0.00171825
1123.99	0.00943789
1124.57	0.00683492
1125.14	0.00548521
1125.72	0.00916686
1126.3	0.0106455
1126.87	0.00407696
1127.45	0.00550099
1128.03	0.0074724
1128.6	0.00291528
1129.18	0.00942876
1129.76	0.00715306
1130.33	0.00407597
1130.91	0.00387613
1131.49	0.00803256
1132.06	0.000501725
1132.64	0.00606039
1133.22	0.0188895
1133.79	0.00959892
1134.37	0.0156863
1134.95	0.0673268
1135.52	0.0132429
1136.1	0.0109716
1136.68	0.0254857
1137.25	0.0110972
1137.83	0.0285784
1138.41	0.078123
1138.99	0.0357201
1139.56	0.0142899
1140.14	0.0181676
1140.72	0.010474
1141.29	0.0310308
1141.87	0.00551333
1142.45	0.0151287
1143.02	0.0100945
1143.6	0.00509616
1144.18	0.0115311
1144.75	0.00347828
1145.33	0.0120367
1145.91	0.0107371
1146.48	0.0222847
1147.06	0.0102597
1147.64	0.0151681
1148.21	0.00998625
1148.79	0.0115339
1149.37	0.00184362
1149.94	0.0197512
1150.52	0.0135841
1151.1	0.0119694
1151.67	0.0235592
1152.25	0.0212805
1152.83	0.0617283
1153.4	0.0237245
1153.98	0.0136871
1154.56	0.00610716
1155.13	0.011997
1155.71	0.0551962
1156.29	0.0737401
1156.86	0.0335646
1157.44	0.0330774
1158.02	0.0183912
1158.59	0.00696099
1159.17	0.0119417
1159.75	0.00720604
1160.32	0.00921947
1160.9	0.00178995
1161.48	0.00342063
1162.05	0.0205954
1162.63	0.0279053
1163.21	0.0129216
1163.78	0.0121342
1164.36	0.0153866
1164.94	0.00591763
1165.51	0.00725384
1166.09	0.0236022
1166.67	0.00655324
1167.24	0.00169305
1167.82	0.0103841
1168.4	0.00491399
1168.97	0.0278427
1169.55	0.00728209
1170.13	0.0255265
1170.7	0.0389058
1171.28	0.0170263
1171.86	0.0198919
1172.43	0.013181
1173.01	0.0324695
1173.59	0.0438673
1174.16	0.0343412
1174.74	0.0249018
1175.32	0.0444371
1175.89	0.0265404
1176.47	0.0414708
1177.05	0.0140325
1177.62	0.00504822
1178.2	0.028677
1178.78	0.0237082
1179.35	0.0152341
1179.93	0.0260841
1180.51	0.0205884
1181.08	0.0200376
1181.66	0.0188198
1182.24	0.0250282
1182.81	0.0134928
1183.39	0.0224708
1183.97	0.0268079
1184.54	0.00704531
1185.12	0.0161479
1185.7	0.0432201
1186.27	0.0267053
1186.85	0.0425422
1187.43	0.0239235
1188	0.0342379
1188.58	0.0443897
1189.16	0.0344538
1189.73	0.0150589
1190.31	0.019946
1190.89	0.0188515
1191.46	0.0396975
1192.04	0.0257904
1192.62	0.00859821
1193.19	0.026347
1193.77	0.00430944
1194.35	0.0123144
1194.93	0.00270238
1195.5	0.00744131
1196.08	0.0237859
1196.66	0.00578478
1197.23	0.0076546
1197.81	0.0146121
1198.39	0.0102207
1198.96	0.0134251
1199.54	0.0279444
1200.12	0.0221745
1200.69	0.00483262
1201.27	0.000158236
1201.85	0.0111434
1202.42	0.00605965
1203	0.0132422
1203.58	0.00499221
1204.15	0.0201743
1204.73	0.0345145
1205.31	0.033701
1205.88	0.0728792
1206.46	0.0566218
1207.04	0.0105616
1207.61	0.00625068
1208.19	0.0150506
1208.77	0.023686
1209.34	0.0632152
1209.92	0.0219148
1210.5	0.0229134
1211.07	0.0104157
1211.65	0.0125747
1212.23	0.0182378
1212.8	0.000428918
1213.38	0.0126903
1213.96	0.00829165
1214.53	0.0134833
1215.11	0.00842634
1215.69	0.0218924
1216.26	0.00915881
1216.84	0.0122032
1217.42	0.00182345
1217.99	0.0107857
1218.57	0.00477893
1219.15	0.00840556
1219.72	0.0133569
1220.3	0.00402559
1220.88	0.0299226
1221.45	0.0123172
1222.03	0.0164967
1222.61	0.0143716
1223.18	0.0376058
1223.76	0.0798421
1224.34	0.0274389
1224.91	0.0119312
1225.49	0.0247406
1226.07	0.010738
1226.64	0.0132269
1227.22	0.0655978
1227.8	0.0135501
1228.37	0.00979876
1228.95	0.0202087
1229.53	0.00592459
1230.1	0.00207417
1230.68	0.00628048
1231.26	0.00451166
1231.83	0.00451338
1232.41	0.00804887
1232.99	0.00919276
1233.56	0.00119568
1234.14	0.00705326
1234.72	0.0065589
1235.29	0.00235222
1235.87	0.00878781
1236.45	0.00869661
1237.02	0.00605973
1237.6	0.00496629
1238.18	0.00752587
1238.75	0.000621953
1239.33	0.00745671
1239.91	0.00824284
1240.48	0.00791236
1241.06	0.0209334
1241.64	0.0321822
1242.21	0.0122905
1242.79	0.0139396
1243.37	0.0126146
1243.94	0.0118192
1244.52	0.022509
1245.1	0.0570695
1245.67	0.0298015
1246.25	0.0185829
1246.83	0.00909271
1247.4	0.0156789
1247.98	0.0370011
1248.56	0.00672022
1249.13	0.0239039
1249.71	0.019519
1250.29	0.0118028
1250.87	0.00327866
1251.44	0.0201055
1252.02	0.00902737
1252.6	0.0106611
1253.17	0.0110845
1253.75	0.0116701
1254.33	0.0133075
1254.9	0.00635458
1255.48	0.00904317
1256.06	0.00994093
1256.63	0.0180861
1257.21	0.00969833
1257.79	0.018305
1258.36	0.0138451
1258.94	0.00315421
1259.52	0.00846157
1260.09	0.00496022
1260.67	0.0159294
1261.25	0.0287014
1261.82	0.00209806
1262.4	0.0502414
1262.98	0.0463282
1263.55	0.0436732
1264.13	0.0282627
1264.71	0.00675419
1265.28	0.0192239
1265.86	0.0251804
1266.44	0.00295296
1267.01	0.00687602
1267.59	0.0142655
1268.17	0.0168243
1268.74	0.0241945
1269.32	0.0226806
1269.9	0.0170458
1270.47	0.0196978
1271.05	0.0209012
1271.63	0.0145795
1272.2	0.0108161
1272.78	0.0121677
1273.36	0.0180991
1273.93	0.0343737
1274.51	0.034695
1275.09	0.013113
1275.66	0.0294611
1276.24	0.047181
1276.82	0.0432483
1277.39	0.0131416
1277.97	0.0476492
1278.55	0.0607412
1279.12	0.102999
1279.7	0.145357
1280.28	0.47371
1280.85	0.424727
1281.43	0.308069
1282.01	0.247747
1282.58	0.0558224
1283.16	0.0607795
1283.74	0.0486839
1284.31	0.0287761
1284.89	0.0169632
1285.47	0.026621
1286.04	0.0161534
1286.62	0.0371807
1287.2	0.0201648
1287.77	0.0259292
1288.35	0.040199
1288.93	0.0428192
1289.5	0.0370352
1290.08	0.0414324
1290.66	0.0429457
1291.23	0.0599014
1291.81	0.0763778
1292.39	0.0852374
1292.96	0.10251
1293.54	0.396791
1294.12	0.429502
1294.69	0.616939
1295.27	0.913566
1295.85	0.241413
1296.42	0.198007
1297	0.14686
1297.58	0.104543
1298.15	0.123561
1298.73	0.0864487
1299.31	0.0498983
1299.88	0.0077788
1300.46	0.018241
1301.04	0.0437363
1301.61	0.0464659
1302.19	0.0294452
1302.77	0.019401
1303.34	0.010047
1303.92	0.00941135
1304.5	0.011345
1305.07	0.0248738
1305.65	0.0321911
1306.23	0.0257917
1306.81	0.0188303
1307.38	0.0158519
1307.96	0.0210743
1308.54	0.0256156
1309.11	0.0202536
1309.69	0.0206757
1310.27	0.0357296
1310.84	0.0130906
1311.42	0.0133307
1312	0.0374747
1312.57	0.0374986
1313.15	0.0594096
1313.73	0.0136884
1314.3	0.0170929
1314.88	0.00386808
1315.46	0.00621831
1316.03	0.0222464
1316.61	0.0227023
1317.19	0.0118436
1317.76	0.00764817
1318.34	0.00825376
1318.92	0.0248681
1319.49	0.00359683
1320.07	0.00932031
1320.65	0.00924701
1321.22	0.0217424
1321.8	0.00742177
1322.38	0.0104897
1322.95	0.0142308
1323.53	0.0145765
1324.11	0.0144251
1324.68	0.00704036
1325.26	0.00723469
1325.84	0.00620196
1326.41	0.0595684
1326.99	0.00429549
1327.57	0.0542031
1328.14	0.044363
1328.72	0.0133853
1329.3	0.0135856
1329.87	0.0465882
1330.45	0.0694286
1331.03	0.102422
1331.6	0.0484444
1332.18	0.00936078
1332.76	0.0157085
1333.33	0.0216547
1333.91	0.0562176
1334.49	0.0146013
1335.06	0.0188937
1335.64	0.021101
1336.22	0.0219971
1336.79	0.017366
1337.37	0.00384228
1337.95	0.0133454
1338.52	0.0091504
1339.1	0.00441224
1339.68	0.00551921
1340.25	0.000818745
1340.83	0.00992698
1341.41	0.0215593
1341.98	0.00886168
1342.56	0.00675015
1343.14	0.00388216
1343.71	0.00927748
1344.29	0.0194283
1344.87	0.023123
1345.44	0.0131363
1346.02	0.0154754
1346.6	0.0130216
1347.17	0.0180821
1347.75	0.00884702
1348.33	0.0287292
1348.9	0.0216029
1349.48	0.0314562
1350.06	0.0154807
1350.63	0.0151756
1351.21	0.00446992
1351.79	0.0302776
1352.36	0.00640375
1352.94	0.0123457
1353.52	0.0201953
1354.09	0.0112154
1354.67	0.024373
1355.25	0.00827844
1355.82	0.0148779
1356.4	0.0257057
1356.98	0.0244185
1357.55	0.00793223
1358.13	0.0166536
1358.71	0.00366505
1359.28	0.016074
1359.86	0.0287108
1360.44	0.0192363
1361.01	0.0233951
1361.59	0.00393507
1362.17	0.0184546
1362.75	0.0177252
1363.32	0.0140095
1363.9	0.00819543
1364.48	0.0417698
1365.05	0.0163944
1365.63	0.0255076
1366.21	0.108082
1366.78	0.0439759
1367.36	0.0183914
1367.94	0.00706344
1368.51	0.0139071
1369.09	0.0172184
1369.67	0.0486312
1370.24	0.0215638
1370.82	0.00975031
1371.4	0.00193863
1371.97	0.00119
1372.55	0.0110485
1373.13	0.0160645
1373.7	0.00437628
1374.28	0.00248696
1374.86	0.0240866
1375.43	0.00610917
1376.01	0.0185376
1376.59	0.00272278
1377.16	0.0157274
1377.74	0.02443
1378.32	0.0247654
1378.89	0.0266215
1379.47	0.0041415
1380.05	0.0116371
1380.62	0.0207469
1381.2	0.0213977
1381.78	0.0157662
1382.35	0.0262873
1382.93	0.00820223
1383.51	0.0127776
1384.08	0.0305535
1384.66	0.0036809
1385.24	0.0249861
1385.81	0.011361
1386.39	0.0133542
1386.97	0.0210429
1387.54	0.0380847
1388.12	0.0222618
1388.7	0.0144002
1389.27	0.0025164
1389.85	0.0203437
1390.43	0.00877419
1391	0.0198575
1391.58	0.0112157
1392.16	0.0267244
1392.73	0.00360254
1393.31	0.00533209
1393.89	0.0090996
1394.46	0.0118578
1395.04	0.0100949
1395.62	0.014346
1396.19	0.00193654
1396.77	0.0103817
1397.35	0.0137391
1397.92	0.00941153
1398.5	0.00573913
1399.08	0.0149346
1399.65	0.00800876
1400.23	0.0189061
1400.81	0.0115425
1401.38	0.0394394
1401.96	0.0518196
1402.54	0.0157448
1403.11	0.0280394
1403.69	0.00837734
1404.27	0.0267298
1404.84	0.0432876
1405.42	0.0390539
1406	0.0357457
1406.57	0.01773
1407.15	0.0137129
1407.73	0.0214069
1408.3	0.0145286
1408.88	0.00667621
1409.46	0.0120072
1410.03	0.0162886
1410.61	0.00327643
1411.19	0.0296499
1411.76	0.00538614
1412.34	0.0144957
1412.92	0.048448
1413.49	0.0271817
1414.07	0.0103026
1414.65	0.00232509
1415.22	0.00636614
1415.8	0.00410628
1416.38	0.00799268
1416.96	0.0229434
1417.53	0.0171172
1418.11	0.0233032
1418.69	0.0310911
1419.26	0.0453569
1419.84	0.0492315
1420.42	0.00810133
1420.99	0.0181145
1421.57	0.0049028
1422.15	0.0121115
1422.72	0.0117147
1423.3	0.00919929
1423.88	0.0055619
1424.45	0.00489932
1425.03	0.0120082
1425.61	0.0238108
1426.18	0.0190725
1426.76	0.0246612
1427.34	0.014053
1427.91	0.00956504
1428.49	0.0078437
1429.07	0.00413249
1429.64	0.0128505
1430.22	0.0105538
1430.8	0.0153097
1431.37	0.00936585
1431.95	0.00224417
1432.53	0.020524
1433.1	0.00538039
1433.68	0.0079353
1434.26	0.0167212
1434.83	0.0245127
1435.41	0.00797684
1435.99	0.0171236
1436.56	0.039124
1437.14	0.0683174
1437.72	0.0333948
1438.29	0.00450773
1438.87	0.0221078
1439.45	0.0118729
1440.02	0.0155956
1440.6	0.0345875
1441.18	0.016864
1441.75	0.0118377
1442.33	0.0157412
1442.91	0.0106107
1443.48	0.0068962
1444.06	0.00209897
1444.64	0.0112395
1445.21	0.0230528
1445.79	0.00819406
1446.37	0.0247051
1446.94	0.0296559
1447.52	0.0123705
1448.1	0.0128055
1448.67	0.009558
1449.25	0.0190349
1449.83	0.0105179
1450.4	0.0178967
1450.98	0.0176561
1451.56	0.0164952
1452.13	0.0154873
1452.71	0.0131427
1453.29	0.0111232
1453.86	0.0353394
1454.44	0.0409093
1455.02	0.0893008
1455.59	0.0356479
1456.17	0.0300415
1456.75	0.0276808
1457.32	0.0196384
1457.9	0.0393477
1458.48	0.0705506
1459.05	0.0548499
1459.63	0.00473344
1460.21	0.029102
1460.78	0.0214162
1461.36	0.0299873
1461.94	0.0152432
1462.51	0.0402574
1463.09	0.0125087
1463.67	0.0117023
1464.24	0.0184032
1464.82	0.0192863
1465.4	0.0160985
1465.97	0.00969553
1466.55	0.0171316
1467.13	0.062393
1467.7	0.0355538
1468.28	0.0407632
1468.86	0.0127341
1469.43	0.0386114
1470.01	0.0178707
1470.59	0.0524317
1471.16	0.0884546
1471.74	0.0516941
1472.32	0.0630759
1472.9	0.0562445
1473.47	0.100741
1474.05	0.0430729
1474.63	0.0306693
1475.2	0.0705786
1475.78	0.0562119
1476.36	0.0827979
1476.93	0.0389397
1477.51	0.0470527
1478.09	0.0204716
1478.66	0.0215616
1479.24	0.0237837
1479.82	0.00534364
1480.39	0.0183087
1480.97	0.0186991
1481.55	0.0268256
1482.12	0.0309197
1482.7	0.0485333
1483.28	0.0173182
1483.85	0.0307754
1484.43	0.0326446
1485.01	0.0129093
1485.58	0.00455947
1486.16	0.037058
1486.74	0.0241297
1487.31	0.0365854
1487.89	0.0421926
1488.47	0.0128232
1489.04	0.040428
1489.62	0.0390149
1490.2	0.0451376
1490.77	0.125723
1491.35	0.0529875
1491.93	0.0126283
1492.5	0.0667338
1493.08	0.0450839
1493.66	0.230274
1494.23	0.260147
1494.81	0.15704
1495.39	0.127436
1495.96	0.0294284
1496.54	0.0357349
1497.12	0.0431681
1497.69	0.0326482
1498.27	0.0124987
1498.85	0.0155824
1499.42	0.016178
1500	0.0440331
1500.58	0.0150136
1501.15	0.0457255
1501.73	0.0534269
1502.31	0.0545623
1502.88	0.0597316
1503.46	0.0478004
1504.04	0.0824073
1504.61	0.0621775
1505.19	0.100839
1505.77	0.110338
1506.34	0.154988
1506.92	0.457394
1507.5	0.478301
1508.07	0.671535
1508.65	1.34686
1509.23	0.303642
1509.8	0.198235
1510.38	0.223984
1510.96	0.140966
1511.53	0.0927521
1512.11	0.122046
1512.69	0.0759305
1513.26	0.0403409
1513.84	0.0247978
1514.42	0.0714051
1514.99	0.0607819
1515.57	0.0585663
1516.15	0.0474135
1516.72	0.0256941
1517.3	0.0267194
1517.88	0.0347232
1518.45	0.0413074
1519.03	0.0419364
1519.61	0.0231777
1520.18	0.0313925
1520.76	0.0139244
1521.34	0.04773
1521.91	0.0284067
1522.49	0.0106116
1523.07	0.0163448
1523.64	0.0472915
1524.22	0.0289966
1524.8	0.00700445
1525.37	0.0430274
1525.95	0.0163624
1526.53	0.0626559
1527.1	0.0273527
1527.68	0.010226
1528.26	0.0281145
1528.84	0.0274883
1529.41	0.0066992
1529.99	0.0243545
1530.57	0.0298264
1531.14	0.0325479
1531.72	0.0199313
1532.3	0.0254184
1532.87	0.0205009
1533.45	0.0101333
1534.03	0.00632661
1534.6	0.0171242
1535.18	0.0100221
1535.76	0.00354023
1536.33	0.0228793
1536.91	0.023271
1537.49	0.0263239
1538.06	0.00913857
1538.64	0.0144963
1539.22	0.0163633
1539.79	0.0199235
1540.37	0.0140097
1540.95	0.0167358
1541.52	0.0339921
1542.1	0.00666886
1542.68	0.0147185
1543.25	0.0206261
1543.83	0.0376454
1544.41	0.0448963
1544.98	0.00939639
1545.56	0.00728163
1546.14	0.0080826
1546.71	0.0131575
1547.29	0.0107963
1547.87	0.0054733
1548.44	0.0209771
1549.02	0.00827153
1549.6	0.00558274
1550.17	0.0295665
1550.75	0.0118067
1551.33	0.00970747
1551.9	0.0115227
1552.48	0.00740273
1553.06	0.0222298
1553.63	0.0209309
1554.21	0.00845713
1554.79	0.0131166
1555.36	0.00945725
1555.94	0.00739885
1556.52	0.0193131
1557.09	0.0166959
1557.67	0.0179187
1558.25	0.0296849
1558.82	0.0272244
1559.4	0.0111511
1559.98	0.0137375
1560.55	0.00867446
1561.13	0.0138762
1561.71	0.0662887
1562.28	0.028984
1562.86	0.0107585
1563.44	0.0173191
1564.01	0.00877282
1564.59	0.0259138
1565.17	0.0327853
1565.74	0.0224961
1566.32	0.0161946
1566.9	0.00618195
1567.47	0.0159647
1568.05	0.0109887
1568.63	0.0148023
1569.2	0.0109584
1569.78	0.0135765
1570.36	0.0133234
1570.93	0.0126587
1571.51	0.021243
1572.09	0.0119146
1572.66	0.0121296
1573.24	0.023635
1573.82	0.0157463
1574.39	0.00997304
1574.97	0.0151024
1575.55	0.0128942
1576.12	0.0122777
1576.7	0.00882847
1577.28	0.0190205
1577.85	0.0283081
1578.43	0.023907
1579.01	0.0302174
1579.58	0.142026
1580.16	0.0354527
1580.74	0.00463686
1581.31	0.00745716
1581.89	0.00334019
1582.47	0.0122867
1583.04	0.0104535
1583.62	0.00279874
1584.2	0.0128385
1584.78	0.0244875
1585.35	0.0154002
1585.93	0.0106108
1586.51	0.0145148
1587.08	0.00548321
1587.66	0.0117035
1588.24	0.00187543
1588.81	0.00446365
1589.39	0.0113934
1589.97	0.0123432
1590.54	0.010946
1591.12	0.0103194
1591.7	0.0100084
1592.27	0.0106911
1592.85	0.00411374
1593.43	0.0237191
1594	0.0160866
1594.58	0.0282602
1595.16	0.00189626
1595.73	0.0317064
1596.31	0.00771246
1596.89	0.0212506
1597.46	0.14193
1598.04	0.0147008
1598.62	0.0120067
1599.19	0.0323559
1599.77	0.0155536
1600.35	0.0115616
1600.92	0.0276091
1601.5	0.0253558
1602.08	0.00907807
1602.65	0.0128859
1603.23	0.0194252
1603.81	0.00162698
1604.38	0.0100101
1604.96	0.00846794
1605.54	0.0185263
1606.11	0.0109854
1606.69	0.00333979
1607.27	0.0262224
1607.84	0.00698686
1608.42	0.0110042
1609	0.0116544
1609.57	0.0211041
1610.15	0.0044696
1610.73	0.0120313
1611.3	0.00969743
1611.88	0.0202409
1612.46	0.00861326
1613.03	0.0206258
1613.61	0.0122702
1614.19	0.00348556
1614.76	0.0341782
1615.34	0.0750689
1615.92	0.0270961
1616.49	0.0322618
1617.07	0.0129961
1617.65	0.0245234
1618.22	0.074459
1618.8	0.0308574
1619.38	0.0551516
1619.95	0.0334381
1620.53	0.0515291
1621.11	0.0170094
1621.68	0.0250805
1622.26	0.0634349
1622.84	0.0661964
1623.41	0.0137311
1623.99	0.0242966
1624.57	0.107364
1625.14	0.0561634
1625.72	0.141692
1626.3	0.399516
1626.87	0.201798
1627.45	0.0114916
1628.03	0.021888
1628.6	0.075793
1629.18	0.0469834
1629.76	0.0422618
1630.33	0.0921031
1630.91	0.0215691
1631.49	0.0258975
1632.06	0.0144914
1632.64	0.0246516
1633.22	0.0764295
1633.79	0.0271623
1634.37	0.0216324
1634.95	0.00878861
1635.52	0.0156991
1636.1	0.0417148
1636.68	0.0180723
1637.25	0.0243228
1637.83	0.0088967
1638.41	0.0150102
1638.99	0.0194002
1639.56	0.0213877
1640.14	0.0454115
1640.72	0.0265376
1641.29	0.0166617
1641.87	0.0245416
1642.45	0.0198532
1643.02	0.0132848
1643.6	0.0116535
1644.18	0.0097422
1644.75	0.0109616
1645.33	0.00489719
1645.91	0.00738575
1646.48	0.0107623
1647.06	0.012829
1647.64	0.00542093
1648.21	0.0113464
1648.79	0.00458821
1649.37	0.0141735
1649.94	0.040908
1650.52	0.0851386
1651.1	0.0539656
1651.67	0.00524181
1652.25	0.0140666
1652.83	0.0206297
1653.4	0.0305917
1653.98	0.0537853
1654.56	0.0170828
1655.13	0.00319941
1655.71	0.0320032
1656.29	0.00980905
1656.86	0.00510628
1657.44	0.00669264
1658.02	0.00827238
1658.59	0.0152372
1659.17	0.0109651
1659.75	0.00679086
1660.32	0.00578456
1660.9	0.00250647
1661.48	0.00222833
1662.05	0.0164885
1662.63	0.00791163
1663.21	0.00841764
1663.78	0.00777156
1664.36	0.002271
1664.94	0.00217984
1665.51	0.016665
1666.09	0.00756487
1666.67	0.00501075
1667.24	0.0179677
1667.82	0.036987
1668.4	0.0783817
1668.97	0.0357726
1669.55	0.00654701
1670.13	0.0318054
1670.7	0.000889551
1671.28	0.00811508
1671.86	0.0108702
1672.43	0.00381261
1673.01	0.00833067
1673.59	0.0282698
1674.16	0.0245931
1674.74	0.022567
1675.32	0.013786
1675.89	0.0241924
1676.47	0.0149075
1677.05	0.00610766
1677.62	0.0216404
1678.2	0.0236799
1678.78	0.010965
1679.35	0.0221386
1679.93	0.0186542
1680.51	0.0118954
1681.08	0.0189221
1681.66	0.0173862
1682.24	0.0129708
1682.81	0.0146586
1683.39	0.0355004
1683.97	0.0117656
1684.54	0.0131081
1685.12	0.0147705
1685.7	0.00958313
1686.27	0.0458226
1686.85	0.0112639
1687.43	0.00225975
1688	0.0324429
1688.58	0.0128584
1689.16	0.0491887
1689.73	0.0276829
1690.31	0.0164766
1690.89	0.0293781
1691.46	0.0502499
1692.04	0.00706712
1692.62	0.0330973
1693.19	0.0255314
1693.77	0.0271971
1694.35	0.0407432
1694.93	0.0224888
1695.5	0.00479444
1696.08	0.0297555
1696.66	0.0324693
1697.23	0.0079002
1697.81	0.0195673
1698.39	0.023023
1698.96	0.0140326
1699.54	0.0261944
1700.12	0.0259156
1700.69	0.0390974
1701.27	0.0270925
1701.85	0.0186456
1702.42	0.0278108
1703	0.0255524
1703.58	0.047002
1704.15	0.0993798
1704.73	0.0382078
1705.31	0.0299945
1705.88	0.0776549
1706.46	0.0667082
1707.04	0.142637
1707.61	0.181332
1708.19	0.105742
1708.77	0.0576102
1709.34	0.0427909
1709.92	0.0649541
1710.5	0.0774685
1711.07	0.0499424
1711.65	0.044146
1712.23	0.0461603
1712.8	0.059506
1713.38	0.0762115
1713.96	0.0672114
1714.53	0.0783904
1715.11	0.101883
1715.69	0.116141
1716.26	0.1081
1716.84	0.123545
1717.42	0.113864
1717.99	0.123138
1718.57	0.153235
1719.15	0.185913
1719.72	0.219516
1720.3	0.560063
1720.88	0.568464
1721.45	0.779775
1722.03	2.4106
1722.61	0.416578
1723.18	0.263766
1723.76	0.311863
1724.34	0.158847
1724.91	0.106246
1725.49	0.164773
1726.07	0.114558
1726.64	0.0830429
1727.22	0.0545855
1727.8	0.0686423
1728.37	0.0743939
1728.95	0.068183
1729.53	0.0549048
1730.1	0.0368264
1730.68	0.0418769
1731.26	0.0466552
1731.83	0.0380907
1732.41	0.0330801
1732.99	0.0277722
1733.56	0.0359759
1734.14	0.0247572
1734.72	0.0459052
1735.29	0.0354663
1735.87	0.0143733
1736.45	0.0126273
1737.02	0.0639782
1737.6	0.0178755
1738.18	0.0341415
1738.75	0.0563015
1739.33	0.0744706
1739.91	0.114087
1740.48	0.0377222
1741.06	0.015244
1741.64	0.0248876
1742.21	0.0261159
1742.79	0.00908473
1743.37	0.0208479
1743.94	0.0183767
1744.52	0.0153092
1745.1	0.00472442
1745.67	0.0266524
1746.25	0.00557511
1746.83	0.0156089
1747.4	0.0135613
1747.98	0.0253421
1748.56	0.0143342
1749.13	0.00086063
1749.71	0.0125896
1750.29	0.0126845
1750.87	0.0275158
1751.44	0.0132855
1752.02	0.0122793
1752.6	0.0275783
1753.17	0.0229686
1753.75	0.0201686
1754.33	0.0342539
1754.9	0.0391704
1755.48	0.0239788
1756.06	0.0218352
1756.63	0.0525744
1757.21	0.0978477
1757.79	0.0632056
1758.36	0.0137423
1758.94	0.0122956
1759.52	0.0143603
1760.09	0.00898005
1760.67	0.0305008
1761.25	0.0157551
1761.82	0.00972497
1762.4	0.043473
1762.98	0.0365572
1763.55	0.0392329
1764.13	0.00538648
1764.71	0.035301
1765.28	0.00654712
1765.86	0.0139971
1766.44	0.0496152
1767.01	0.0427241
1767.59	0.0419866
1768.17	0.0237348
1768.74	0.029834
1769.32	0.0133035
1769.9	0.0375172
1770.47	0.0344919
1771.05	0.0260465
1771.63	0.00687198
1772.2	0.0279819
1772.78	0.0101782
1773.36	0.0229594
1773.93	0.0221754
1774.51	0.00505523
1775.09	0.0129873
1775.66	0.0242806
1776.24	0.0146255
1776.82	0.0175629
1777.39	0.0165675
1777.97	0.00547321
1778.55	0.0265227
1779.12	0.0196981
1779.7	0.0132988
1780.28	0.0219318
1780.85	0.00244163
1781.43	0.0153117
1782.01	0.00775572
1782.58	0.00701331
1783.16	0.0184706
1783.74	0.00794664
1784.31	0.0184022
1784.89	0.0160775
1785.47	0.0161652
1786.04	0.0137209
1786.62	0.0195599
1787.2	0.0128255
1787.77	0.0247998
1788.35	0.0228559
1788.93	0.0146315
1789.5	0.0175635
1790.08	0.0238283
1790.66	0.0101157
1791.23	0.0148604
1791.81	0.014551
1792.39	0.00247757
1792.96	0.109599
1793.54	0.0355687
1794.12	0.0232268
1794.69	0.00921642
1795.27	0.0103335
1795.85	0.0303004
1796.42	0.0373056
1797	0.0176616
1797.58	0.0193444
1798.15	0.00795403
1798.73	0.00937271
1799.31	0.0143901
1799.88	0.00810249
1800.46	0.0167499
1801.04	0.00678932
1801.61	0.0177586
1802.19	0.0234146
1802.77	0.0153109
1803.34	0.0171659
1803.92	0.0144556
1804.5	0.0171473
1805.07	0.0041257
1805.65	0.00814378
1806.23	0.0161638
1806.81	0.0175556
1807.38	0.0118299
1807.96	0.0171174
1808.54	0.00656922
1809.11	0.0248933
1809.69	0.0131057
1810.27	0.0303194
1810.84	0.215242
1811.42	0.0320284
1812	0.0120319
1812.57	0.0198366
1813.15	0.0195406
1813.73	0.0366719
1814.3	0.0289059
1814.88	0.0127429
1815.46	0.0123903
1816.03	0.024313
1816.61	0.0108063
1817.19	0.0199054
1817.76	0.0137274
1818.34	0.0144659
1818.92	0.0172068
1819.49	0.00617499
1820.07	0.0181871
1820.65	0.00943834
1821.22	0.0326395
1821.8	0.00487227
1822.38	0.00722335
1822.95	0.0130062
1823.53	0.021196
1824.11	0.0148819
1824.68	0.0249368
1825.26	0.0219297
1825.84	0.0371557
1826.41	0.0140287
1826.99	0.037796
1827.57	0.0232278
1828.14	0.0162692
1828.72	0.0220039
1829.3	0.0190965
1829.87	0.0299785
1830.45	0.0320023
1831.03	0.0228398
1831.6	0.0136741
1832.18	0.0484105
1832.76	0.0354406
1833.33	0.0253358
1833.91	0.0252156
1834.49	0.0325898
1835.06	0.0175409
1835.64	0.0146676
1836.22	0.019461
1836.79	0.0154233
1837.37	0.0193929
1837.95	0.0143934
1838.52	0.0145
1839.1	0.0461917
1839.68	0.106527
1840.25	0.0482781
1840.83	0.0281801
1841.41	0.0220394
1841.98	0.0113478
1842.56	0.0181535
1843.14	0.0270002
1843.71	0.00625609
1844.29	0.0206874
1844.87	0.0116647
1845.44	0.0390221
1846.02	0.0637499
1846.6	0.131916
1847.17	0.0412398
1847.75	0.0594372
1848.33	0.0257853
1848.9	0.0191263
1849.48	0.0488135
1850.06	0.0345869
1850.63	0.0486401
1851.21	0.0482805
1851.79	0.0331288
1852.36	0.0348136
1852.94	0.0162402
1853.52	0.0782717
1854.09	0.0240306
1854.67	0.0318919
1855.25	0.0251306
1855.82	0.0264446
1856.4	0.0363796
1856.98	0.0194611
1857.55	0.0179313
1858.13	0.023131
1858.71	0.020215
1859.28	0.0312245
1859.86	0.0186265
1860.44	0.0307692
1861.01	0.0166658
1861.59	0.0302024
1862.17	0.0314977
1862.75	0.0313443
1863.32	0.0421019
1863.9	0.0742717
1864.48	0.100591
1865.05	0.0319234
1865.63	0.0293001
1866.21	0.0462703
1866.78	0.0419269
1867.36	0.0086819
1867.94	0.023469
1868.51	0.0320905
1869.09	0.0307916
1869.67	0.0144292
1870.24	0.0265436
1870.82	0.020339
1871.4	0.0142939
1871.97	0.0142191
1872.55	0.0145525
1873.13	0.0128133
1873.7	0.0181494
1874.28	0.010387
1874.86	0.00882585
1875.43	0.0197817
1876.01	0.00997701
1876.59	0.0138201
1877.16	0.0168306
1877.74	0.0175615
1878.32	0.0102422
1878.89	0.0154245
1879.47	0.0126131
1880.05	0.0183138
1880.62	0.0311381
1881.2	0.0297011
1881.78	0.0974285
1882.35	0.0541636
1882.93	0.0264663
1883.51	0.0105237
1884.08	0.019948
1884.66	0.0348938
1885.24	0.0240905
1885.81	0.0143268
1886.39	0.0280773
1886.97	0.0143615
1887.54	0.00684947
1888.12	0.0256936
1888.7	0.0231968
1889.27	0.0195667
1889.85	0.019917
1890.43	0.0128015
1891	0.0239775
1891.58	0.0222877
1892.16	0.0252651
1892.73	0.0306069
1893.31	0.0189894
1893.89	0.0181075
1894.46	0.0198823
1895.04	0.0347279
1895.62	0.0451858
1896.19	0.0308571
1896.77	0.0516855
1897.35	0.0456906
1897.92	0.0300383
1898.5	0.0611914
1899.08	0.0355508
1899.65	0.0655683
1900.23	0.0418222
1900.81	0.0459892
1901.38	0.0392753
1901.96	0.0554664
1902.54	0.0979546
1903.11	0.0171968
1903.69	0.0459901
1904.27	0.0557061
1904.84	0.0835658
1905.42	0.0634773
1906	0.0584689
1906.57	0.0640388
1907.15	0.0804044
1907.73	0.0764304
1908.3	0.0742595
1908.88	0.0771396
1909.46	0.0849084
1910.03	0.0775316
1910.61	0.0797824
1911.19	0.091527
1911.76	0.0703131
1912.34	0.0762486
1912.92	0.0814699
1913.49	0.0883524
1914.07	0.0994186
1914.65	0.078627
1915.22	0.102741
1915.8	0.117997
1916.38	0.0933859
1916.96	0.117077
1917.53	0.224679
1918.11	0.13016
1918.69	0.110692
1919.26	0.157484
1919.84	0.128894
1920.42	0.144817
1920.99	0.196254
1921.57	0.109377
1922.15	0.0579061
1922.72	0.163169
1923.3	0.173769
1923.88	0.188623
1924.45	0.171441
1925.03	0.161206
1925.61	0.164642
1926.18	0.186568
1926.76	0.195398
1927.34	0.205066
1927.91	0.219745
1928.49	0.249284
1929.07	0.278366
1929.64	0.283226
1930.22	0.309032
1930.8	0.307981
1931.37	0.358528
1931.95	0.395243
1932.53	0.522836
1933.1	0.554026
1933.68	1.19915
1934.26	1.18761
1934.83	1.60292
1935.41	7.92691
1935.99	0.975797
1936.56	0.596031
1937.14	0.705978
1937.72	0.304568
1938.29	0.283111
1938.87	0.242981
1939.45	0.172774
1940.02	0.12674
1940.6	0.100119
1941.18	0.106022
1941.75	0.1265
1942.33	0.0963
1942.91	0.0558091
1943.48	0.0398385
1944.06	0.0415972
1944.64	0.0300304
1945.21	0.0280911
1945.79	0.0273671
1946.37	0.00291191
1946.94	0.0239784
1947.52	0.0224726
1948.1	0.0238342
1948.67	0.0167626
1949.25	0.0285971
1949.83	0.0556433
1950.4	0.0167795
1950.98	0.0139306
1951.56	0.0228977
1952.13	0.0520996
1952.71	0.0571143
1953.29	0.0877376
1953.86	0.0449958
1954.44	0.0482529
1955.02	0.0357867
1955.59	0.0388966
1956.17	0.062203
1956.75	0.0394296
1957.32	0.0209107
1957.9	0.0227859
1958.48	0.0487334
1959.05	0.0404225
1959.63	0.0431619
1960.21	0.0617905
1960.78	0.0441617
1961.36	0.0343819
1961.94	0.0496184
1962.51	0.052834
1963.09	0.0330199
1963.67	0.0435567
1964.24	0.0483839
1964.82	0.0669957
1965.4	0.0599158
1965.97	0.0558607
1966.55	0.0585387
1967.13	0.0441333
1967.7	0.0749011
1968.28	0.0335581
1968.86	0.0485476
1969.43	0.0822333
1970.01	0.0452016
1970.59	0.0317558
1971.16	0.104218
1971.74	0.0635733
1972.32	0.0496591
1972.9	0.0568392
1973.47	0.078534
1974.05	0.0570788
1974.63	0.0661326
1975.2	0.0522493
1975.78	0.0429371
1976.36	0.0358199
1976.93	0.0454006
1977.51	0.0637119
1978.09	0.0509403
1978.66	0.0426121
1979.24	0.049722
1979.82	0.0397859
1980.39	0.0512713
1980.97	0.0470354
1981.55	0.0613936
1982.12	0.0414183
1982.7	0.0513072
1983.28	0.04481
1983.85	0.0477547
1984.43	0.0674744
1985.01	0.0733614
1985.58	0.0469486
1986.16	0.044201
1986.74	0.0524754
1987.31	0.0334249
1987.89	0.0511809
1988.47	0.110299
1989.04	0.0450252
1989.62	0.0439528
1990.2	0.0487486
1990.77	0.0387893
1991.35	0.0371674
1991.93	0.0294552
1992.5	0.0239084
1993.08	0.0415605
1993.66	0.0463978
1994.23	0.0278828
1994.81	0.0379032
1995.39	0.0373783
1995.96	0.0417856
1996.54	0.0336695
1997.12	0.032786
1997.69	0.0262116
1998.27	0.0183825
1998.85	0.0133736
1999.42	0.033705
2000	0.0162947
2000.58	0.0331612
2001.15	0.0132987
2001.73	0.0238945
2002.31	0.0279742
2002.88	0.0289742
2003.46	0.010917
2004.04	0.0255552
2004.61	0.0149344
2005.19	0.0186997
2005.77	0.0179356
2006.34	0.0356062
2006.92	0.00803297
2007.5	0.0228119
2008.07	0.00877543
2008.65	0.0106202
2009.23	0.0162899
2009.8	0.0210354
2010.38	0.00448215
2010.96	0.0034465
2011.53	0.0161533
2012.11	0.00450489
2012.69	0.0148725
2013.26	0.0147775
2013.84	0.0111375
2014.42	0.00388585
2014.99	0.0116607
2015.57	0.0111741
2016.15	0.00298971
2016.72	0.0319388
2017.3	0.0130636
2017.88	0.0203439
2018.45	0.0132139
2019.03	0.0250901
2019.61	0.0197632
2020.18	0.0260459
2020.76	0.0191718
2021.34	0.0396316
2021.91	0.0123333
2022.49	0.0317908
2023.07	0.0427272
2023.64	0.0374893
2024.22	0.132998
2024.8	0.0350807
2025.37	0.0278682
2025.95	0.0422178
2026.53	0.0294028
2027.1	0.0366367
2027.68	0.0348287
2028.26	0.028006
2028.84	0.0402244
2029.41	0.0464532
2029.99	0.0441748
2030.57	0.0559898
2031.14	0.0391633
2031.72	0.0594361
2032.3	0.0584087
2032.87	0.0550437
2033.45	0.0393587
2034.03	0.0451765
2034.6	0.0563447
2035.18	0.0456927
2035.76	0.0578606
2036.33	0.0423392
2036.91	0.0600336
2037.49	0.0686725
2038.06	0.0761369
2038.64	0.0826202
2039.22	0.0968473
2039.79	0.0578629
2040.37	0.06079
2040.95	0.0972149
2041.52	0.0843004
2042.1	0.0569804
2042.68	0.0883936
2043.25	0.0754919
2043.83	0.0670933
2044.41	0.0819145
2044.98	0.0557482
2045.56	0.0782975
2046.14	0.0799071
2046.71	0.06205
2047.29	0.0832303
2047.87	0.0848355
2048.44	0.0915564
2049.02	0.0883512
2049.6	0.0861281
2050.17	0.0794832
2050.75	0.0876833
2051.33	0.0975811
2051.9	0.0816577
2052.48	0.0816883
2053.06	0.0834746
2053.63	0.0942723
2054.21	0.0914528
2054.79	0.0793192
2055.36	0.0899473
2055.94	0.0939213
2056.52	0.0913088
2057.09	0.086589
2057.67	0.103747
2058.25	0.0662305
2058.82	0.093741
2059.4	0.0860662
2059.98	0.140357
2060.55	0.10552
2061.13	0.122986
2061.71	0.0988759
2062.28	0.078104
2062.86	0.0953926
2063.44	0.103485
2064.01	0.135923
2064.59	0.126748
2065.17	0.0927181
2065.74	0.11343
2066.32	0.113856
2066.9	0.114463
2067.47	0.105617
2068.05	0.107571
2068.63	0.112579
2069.2	0.115549
2069.78	0.107459
2070.36	0.0889045
2070.93	0.112943
2071.51	0.107929
2072.09	0.108912
2072.66	0.115443
2073.24	0.109978
2073.82	0.107658
2074.39	0.0943174
2074.97	0.125213
2075.55	0.11547
2076.12	0.107671
2076.7	0.149165
2077.28	0.207185
2077.85	0.150895
2078.43	0.059315
2079.01	0.0655652
2079.58	0.0793498
2080.16	0.0831367
2080.74	0.0958552
2081.31	0.0820432
2081.89	0.0901301
2082.47	0.0807746
2083.04	0.0787659
2083.62	0.0887645
2084.2	0.0941408
2084.78	0.0829046
2085.35	0.079123
2085.93	0.0888536
2086.51	0.0846438
2087.08	0.0725703
2087.66	0.0792039
2088.24	0.0729784
2088.81	0.0907322
2089.39	0.0748278
2089.97	0.0732823
2090.54	0.0673259
2091.12	0.070784
2091.7	0.0755889
2092.27	0.0538149
2092.85	0.0812062
2093.43	0.0716246
2094	0.0849738
2094.58	0.0740088
2095.16	0.0920445
2095.73	0.0314378
2096.31	0.0408817
2096.89	0.0430894
2097.46	0.0514441
2098.04	0.0268844
2098.62	0.0774002
2099.19	0.0335197
2099.77	0.0350213
2100.35	0.0361757
2100.92	0.0365707
2101.5	0.0352262
2102.08	0.021745
2102.65	0.0216623
2103.23	0.0295286
2103.81	0.030287
2104.38	0.0263697
2104.96	0.0210584
2105.54	0.00117719
2106.11	0.00247398
2106.69	0.0225301
2107.27	0.0124059
2107.84	0.0179551
2108.42	0.0243146
2109	0.0195981
2109.57	0.0230106
2110.15	0.0437581
2110.73	0.0107629
2111.3	0.0405317
2111.88	0.0405709
2112.46	0.0559706
2113.03	0.163442
2113.61	0.0403104
2114.19	0.0320659
2114.76	0.0166537
2115.34	0.0342676
2115.92	0.0815717
2116.49	0.0086598
2117.07	0.0566767
2117.65	0.0762899
2118.22	0.102596
2118.8	0.0757756
2119.38	0.0750551
2119.95	0.0867208
2120.53	0.0965721
2121.11	0.102394
2121.68	0.0935611
2122.26	0.106366
2122.84	0.124446
2123.41	0.129557
2123.99	0.117516
2124.57	0.13534
2125.14	0.131476
2125.72	0.125524
2126.3	0.139631
2126.87	0.149461
2127.45	0.160359
2128.03	0.153127
2128.6	0.162696
2129.18	0.164402
2129.76	0.184235
2130.33	0.193973
2130.91	0.315385
2131.49	0.209166
2132.06	0.185026
2132.64	0.223694
2133.22	0.225094
2133.79	0.162974
2134.37	0.252316
2134.95	0.18316
2135.52	0.237043
2136.1	0.290794
2136.68	0.289081
2137.25	0.322525
2137.83	0.296026
2138.41	0.303653
2138.99	0.312283
2139.56	0.346844
2140.14	0.363943
2140.72	0.353221
2141.29	0.380554
2141.87	0.437744
2142.45	0.483037
2143.02	0.48324
2143.6	0.506908
2144.18	0.520769
2144.75	0.615182
2145.33	0.716841
2145.91	0.872751
2146.48	0.877833
2147.06	1.73744
2147.64	1.65456
2148.21	2.18153
2148.79	24.019
2149.37	1.47499
2149.94	0.900051
2150.52	1.09857
2151.1	0.410243
2151.67	0.366836
2152.25	0.285474
2152.83	0.176294
2153.4	0.0785908
2153.98	0.0837227
2154.56	0.0806088
2155.13	0.0625292
2155.71	0.0209693
2156.29	0.0202143
2156.86	0.0445477
2157.44	0.0526657
2158.02	0.0790103
2158.59	0.0911567
2159.17	0.108224
2159.75	0.102524
2160.32	0.115022
2160.9	0.123525
2161.48	0.120249
2162.05	0.144331
2162.63	0.16903
2163.21	0.200177
2163.78	0.16926
2164.36	0.178433
2164.94	0.199166
2165.51	0.181172
2166.09	0.195357
2166.67	0.233383
2167.24	0.202778
2167.82	0.196179
2168.4	0.221417
2168.97	0.212084
2169.55	0.221468
2170.13	0.230228
2170.7	0.231993
2171.28	0.241686
2171.86	0.228914
2172.43	0.233256
2173.01	0.256915
2173.59	0.247339
2174.16	0.230963
2174.74	0.232465
2175.32	0.233751
2175.89	0.246097
2176.47	0.244748
2177.05	0.235186
2177.62	0.234693
2178.2	0.293153
2178.78	0.256835
2179.35	0.235781
2179.93	0.268666
2180.51	0.247503
2181.08	0.291099
2181.66	0.211095
2182.24	0.249917
2182.81	0.247257
2183.39	0.207955
2183.97	0.158197
2184.54	0.44778
2185.12	0.331537
2185.7	0.273091
2186.27	0.307755
2186.85	0.306883
2187.43	0.268166
2188	0.297476
2188.58	0.283395
2189.16	0.290495
2189.73	0.268051
2190.31	0.275805
2190.89	0.285303
2191.46	0.299712
2192.04	0.271563
2192.62	0.264683
2193.19	0.270639
2193.77	0.271126
2194.35	0.266473
2194.93	0.276671
2195.5	0.277328
2196.08	0.284507
2196.66	0.283152
2197.23	0.268956
2197.81	0.271639
2198.39	0.295366
2198.96	0.274059
2199.54	0.252855
2200.12	0.246364
2200.69	0.302839
2201.27	0.212106
2201.85	0.20551
2202.42	0.341027
2203	0.258614
2203.58	0.248555
2204.15	0.271422
2204.73	0.259745
2205.31	0.258729
2205.88	0.256589
2206.46	0.235893
2207.04	0.247282
2207.61	0.240066
2208.19	0.261877
2208.77	0.263735
2209.34	0.211993
2209.92	0.218505
2210.5	0.269712
2211.07	0.236656
2211.65	0.202253
2212.23	0.228151
2212.8	0.244883
2213.38	0.226091
2213.96	0.238419
2214.53	0.212025
2215.11	0.215974
2215.69	0.191893
2216.26	0.205567
2216.84	0.182172
2217.42	0.201316
2217.99	0.173681
2218.57	0.159282
2219.15	0.161576
2219.72	0.0736106
2220.3	0.277434
2220.88	0.231621
2221.45	0.272801
2222.03	0.23742
2222.61	0.1946
2223.18	0.204104
2223.76	0.228595
2224.34	0.199875
2224.91	0.208967
2225.49	0.202118
2226.07	0.198963
2226.64	0.172728
2227.22	0.184549
2227.8	0.198972
2228.37	0.182086
2228.95	0.189895
2229.53	0.179337
2230.1	0.167585
2230.68	0.174089
2231.26	0.167928
2231.83	0.168065
2232.41	0.152302
2232.99	0.160222
2233.56	0.158326
2234.14	0.150076
2234.72	0.133414
2235.29	0.152281
2235.87	0.144164
2236.45	0.131457
2237.02	0.158792
2237.6	0.141728
2238.18	0.138016
2238.75	0.144989
2239.33	0.117951
2239.91	0.140022
2240.48	0.136511
2241.06	0.124413
2241.64	0.127191
2242.21	0.116993
2242.79	0.117688
2243.37	0.116505
2243.94	0.106953
2244.52	0.114958
2245.1	0.0915663
2245.67	0.104506
2246.25	0.09551
2246.83	0.108014
2247.4	0.0996378
2247.98	0.107342
2248.56	0.102687
2249.13	0.119411
2249.71	0.116107
2250.29	0.0932682
2250.87	0.0724887
2251.44	0.0589735
2252.02	0.0634718
2252.6	0.0897319
2253.17	0.0676958
2253.75	0.0715844
2254.33	0.100007
2254.9	0.0947601
2255.48	0.0410936
2256.06	0.0779914
2256.63	0.0805292
2257.21	0.0664791
2257.79	0.0597159
2258.36	0.0610927
2258.94	0.0713657
2259.52	0.0772878
2260.09	0.0670747
2260.67	0.0537689
2261.25	0.0608732
2261.82	0.0554672
2262.4	0.0526513
2262.98	0.0531305
2263.55	0.0620885
2264.13	0.0583667
2264.71	0.0552979
2265.28	0.0506279
2265.86	0.0434366
2266.44	0.0439127
2267.01	0.0438299
2267.59	0.0275137
2268.17	0.0471315
2268.74	0.0517052
2269.32	0.0542498
2269.9	0.050926
2270.47	0.0533007
2271.05	0.0365567
2271.63	0.0481327
2272.2	0.100213
2272.78	0.107826
2273.36	0.30106
2273.93	0.0285779
2274.51	0.00895526
2275.09	0.0212154
2275.66	0.0249549
2276.24	0.0227616
2276.82	0.00396737
2277.39	0.0135315
2277.97	0.0123832
2278.55	0.00635149
2279.12	0.013702
2279.7	0.0189704
2280.28	0.0361951
2280.85	0.0172727
2281.43	0.0167789
2282.01	0.0156293
2282.58	0.0147082
2283.16	0.0127676
2283.74	0.0296775
2284.31	0.00527315
2284.89	0.0147016
2285.47	0.0134125
2286.04	0.00305402
2286.62	0.0144525
2287.2	0.0131079
2287.77	0.0234906
2288.35	0.0309061
2288.93	0.00626862
2289.5	0.0328288
2290.08	0.0372522
2290.66	0.0928249
2291.23	0.131412
2291.81	0.0381488
2292.39	0.0361065
2292.96	0.0200494
2293.54	0.0185446
2294.12	0.0409468
2294.69	0.00446405
2295.27	0.00800756
2295.85	0.0274354
2296.42	0.0222964
2297	0.0184995
2297.58	0.0167559
2298.15	0.0172739
2298.73	0.0194462
2299.31	0.00685141
2299.88	0.0245488
2300.46	0.0274894
2301.04	0.017493
2301.61	0.0186756
2302.19	0.0319529
2302.77	0.0160127
2303.34	0.0120136
2303.92	0.0167675
2304.5	0.0247283
2305.07	0.0150031
2305.65	0.00688261
2306.23	0.0261315
2306.81	0.0162077
2307.38	0.0495908
2307.96	0.0248957
2308.54	0.0916725
2309.11	0.139609
2309.69	0.0600285
2310.27	0.0325338
2310.84	0.0314465
2311.42	0.0130449
2312	0.0514658
2312.57	0.0575278
2313.15	0.0688554
2313.73	0.0497146
2314.3	0.0536047
2314.88	0.0529799
2315.46	0.0442438
2316.03	0.0466359
2316.61	0.039383
2317.19	0.053686
2317.76	0.046379
2318.34	0.0442633
2318.92	0.0388071
2319.49	0.0584244
2320.07	0.0539977
2320.65	0.0508698
2321.22	0.0353853
2321.8	0.0400496
2322.38	0.0312914
2322.95	0.0523879
2323.53	0.0601814
2324.11	0.0708473
2324.68	0.0630259
2325.26	0.13403
2325.84	0.105743
2326.41	0.249414
2326.99	0.0950784
2327.57	0.0516879
2328.14	0.0969104
2328.72	0.0594656
2329.3	0.0264667
2329.87	0.0985076
2330.45	0.0484527
2331.03	0.063692
2331.6	0.0676698
2332.18	0.0620452
2332.76	0.0919791
2333.33	0.0577297
2333.91	0.0472806
2334.49	0.06009
2335.06	0.0562826
2335.64	0.0593928
2336.22	0.0567571
2336.79	0.0530029
2337.37	0.0696628
2337.95	0.073999
2338.52	0.0603576
2339.1	0.0605516
2339.68	0.0684884
2340.25	0.0797303
2340.83	0.0756986
2341.41	0.0827927
2341.98	0.050747
2342.56	0.0362141
2343.14	0.140542
2343.71	0.0720659
2344.29	0.191442
2344.87	0.154647
2345.44	0.145137
2346.02	0.0821921
2346.6	0.0985726
2347.17	0.174942
2347.75	0.117726
2348.33	0.140076
2348.9	0.132479
2349.48	0.13348
2350.06	0.080451
2350.63	0.109777
2351.21	0.133288
2351.79	0.143738
2352.36	0.152241
2352.94	0.15673
2353.52	0.161221
2354.09	0.182227
2354.67	0.180997
2355.25	0.203397
2355.82	0.216859
2356.4	0.263941
2356.98	0.267772
2357.55	0.329279
2358.13	0.387784
2358.71	0.446849
2359.28	0.507604
2359.86	0.646526
2360.44	0.804118
2361.01	1.31969
2361.59	2.63313
