0	793.47
0.576701	0.0358023
1.1534	0.030086
1.7301	0.00205818
2.30681	0.0146475
2.88351	0.025191
3.46021	0.010226
4.03691	0.0226478
4.61361	0.0122189
5.19031	0.00376911
5.76701	0.0106889
6.34371	0.027081
6.92042	0.0224221
7.49712	0.0194439
8.07382	0.0162397
8.65052	0.0124441
9.22722	0.0287961
9.80392	0.0286401
10.3806	0.0331988
10.9573	0.0323675
11.534	0.0235857
12.1107	0.0238278
12.6874	0.019126
13.2641	0.0223611
13.8408	0.00717998
14.4175	0.018821
14.9942	0.0225234
15.5709	0.0175062
16.1476	0.0184379
16.7243	0.0183322
17.301	0.0212316
17.8777	0.0229483
18.4544	0.00955076
19.0311	0.0365087
19.6078	0.087097
20.1845	0.117734
20.7612	0.0303571
21.3379	0.035514
21.9146	0.0197246
22.4913	0.0176201
23.0681	0.0284619
23.6448	0.018251
24.2215	0.0215254
24.7982	0.0128837
25.3749	0.0270662
25.9516	0.0198478
26.5283	0.021734
27.105	0.0151905
27.6817	0.0192521
28.2584	0.0262429
28.8351	0.0492677
29.4118	0.0282656
29.9885	0.0330516
30.5652	0.0409817
31.1419	0.0439629
31.7186	0.0240901
32.2953	0.0288075
32.872	0.0211642
33.4487	0.025738
34.0254	0.0204889
34.6021	0.0239958
35.1788	0.019129
35.7555	0.021698
36.3322	0.0266737
36.9089	0.0205323
37.4856	0.0288778
38.0623	0.0207664
38.639	0.0408554
39.2157	0.022647
39.7924	0.0327738
40.3691	0.032626
40.9458	0.0762466
41.5225	0.0518773
42.0992	0.0263983
42.6759	0.0197331
43.2526	0.0196209
43.8293	0.0174457
44.406	0.0191803
44.9827	0.0242095
45.5594	0.0246408
46.1361	0.0126792
46.7128	0.0183543
47.2895	0.0212273
47.8662	0.0101926
48.4429	0.0188224
49.0196	0.0326384
49.5963	0.0160271
50.173	0.0882355
50.7497	0.0216504
51.3264	0.0202911
51.9031	0.0197875
52.4798	0.019428
53.0565	0.0100682
53.6332	0.0232504
54.2099	0.0199983
54.7866	0.0234397
55.3633	0.0152352
55.94	0.0139563
56.5167	0.0339519
57.0934	0.0396084
57.6701	0.0349871
58.2468	0.040916
58.8235	0.0441986
59.4002	0.0885784
59.9769	0.106781
60.5536	0.0220725
61.1303	0.0223767
61.707	0.0206575
62.2837	0.0217915
62.8604	0.00928606
63.4371	0.0165443
64.0138	0.0208283
64.5905	0.018183
65.1672	0.0174216
65.7439	0.0273415
66.3206	0.0214761
66.8973	0.0182926
67.474	0.0244322
68.0507	0.0222225
68.6275	0.0229702
69.2042	0.00453191
69.7809	0.0211047
70.3576	0.0165926
70.9343	0.0415991
71.511	0.0208317
72.0877	0.0277971
72.6644	0.0221077
73.2411	0.0279744
73.8178	0.0289887
74.3945	0.0268747
74.9712	0.0210963
75.5479	0.0290126
76.1246	0.034757
76.7013	0.0283309
77.278	0.0226677
77.8547	0.0220996
78.4314	0.0188049
79.0081	0.0244135
79.5848	0.106449
80.1615	0.0380528
80.7382	0.0367804
81.3149	0.0203962
81.8916	0.024398
82.4683	0.0484157
83.045	0.0227864
83.6217	0.0285015
84.1984	0.0272574
84.7751	0.0247182
85.3518	0.0278941
85.9285	0.034176
86.5052	0.0292596
87.0819	0.0263263
87.6586	0.0305704
88.2353	0.0308627
88.812	0.0231796
89.3887	0.0304815
89.9654	0.0307162
90.5421	0.0262531
91.1188	0.0284988
91.6955	0.0270002
92.2722	0.0272289
92.8489	0.0180378
93.4256	0.0203169
94.0023	0.0275797
94.579	0.0178512
95.1557	0.0226007
95.7324	0.0274499
96.3091	0.0263086
96.8858	0.033188
97.4625	0.0257544
98.0392	0.0200871
98.6159	0.0221221
99.1926	0.0171999
99.7693	0.0629314
100.346	0.0370598
100.923	0.0300286
101.499	0.0325652
102.076	0.0290978
102.653	0.0250308
103.23	0.0181036
103.806	0.0200388
104.383	0.02064
104.96	0.0155644
105.536	0.0258581
106.113	0.0176769
106.69	0.0181298
107.266	0.0303699
107.843	0.0311727
108.42	0.0249225
108.997	0.0140313
109.573	0.0208099
110.15	0.0318764
110.727	0.00361181
111.303	0.0188536
111.88	0.0247696
112.457	0.0169159
113.033	0.0188898
113.61	0.0249533
114.187	0.0334923
114.764	0.0243118
115.34	0.019171
115.917	0.0273889
116.494	0.0288628
117.07	0.0324003
117.647	0.02504
118.224	0.0172589
118.8	0.0192335
119.377	0.0287546
119.954	0.0318165
120.531	0.0368952
121.107	0.0653386
121.684	0.0407235
122.261	0.0400202
122.837	0.0381017
123.414	0.0407504
123.991	0.0369383
124.567	0.0419284
125.144	0.0479139
125.721	0.0408745
126.298	0.045806
126.874	0.0508084
127.451	0.0489594
128.028	0.0453277
128.604	0.0468515
129.181	0.058766
129.758	0.0539539
130.334	0.0592567
130.911	0.0591657
131.488	0.0592939
132.065	0.05996
132.641	0.0539993
133.218	0.0620693
133.795	0.0665616
134.371	0.0597421
134.948	0.0648192
135.525	0.0651681
136.101	0.0640447
136.678	0.0646071
137.255	0.0743618
137.832	0.0762712
138.408	0.0586142
138.985	0.0657278
139.562	0.129007
140.138	0.0825183
140.715	0.0706322
141.292	0.0774738
141.869	0.0879726
142.445	0.0827481
143.022	0.0868954
143.599	0.0864938
144.175	0.0878535
144.752	0.0872611
145.329	0.0868733
145.905	0.0893768
146.482	0.085122
147.059	0.0960812
147.636	0.0901531
148.212	0.0969447
148.789	0.100848
149.366	0.0929112
149.942	0.0992448
150.519	0.0929131
151.096	0.0929502
151.672	0.103123
152.249	0.0935005
152.826	0.0936668
153.403	0.105531
153.979	0.0988232
154.556	0.108144
155.133	0.0946217
155.709	0.0966142
156.286	0.0980622
156.863	0.102711
157.439	0.10464
158.016	0.0950802
158.593	0.0905778
159.17	0.116246
159.746	0.183697
160.323	0.143004
160.9	0.12528
161.476	0.124939
162.053	0.120679
162.63	0.112131
163.206	0.120342
163.783	0.117961
164.36	0.123459
164.937	0.11
165.513	0.112124
166.09	0.118446
166.667	0.112125
167.243	0.111688
167.82	0.1116
168.397	0.112087
168.973	0.111992
169.55	0.113607
170.127	0.114494
170.704	0.116972
171.28	0.115676
171.857	0.112442
172.434	0.105586
173.01	0.116754
173.587	0.11278
174.164	0.111562
174.74	0.110991
175.317	0.107317
175.894	0.102917
176.471	0.104209
177.047	0.115386
177.624	0.113955
178.201	0.0946166
178.777	0.107386
179.354	0.0940907
179.931	0.104435
180.507	0.0957208
181.084	0.0885315
181.661	0.0977101
182.238	0.0866209
182.814	0.0885423
183.391	0.0903031
183.968	0.0956268
184.544	0.0952976
185.121	0.0909221
185.698	0.0903551
186.275	0.0905201
186.851	0.08667
187.428	0.0817941
188.005	0.0799059
188.581	0.0818919
189.158	0.0766136
189.735	0.0789432
190.311	0.0619146
190.888	0.0742148
191.465	0.0787775
192.042	0.0680425
192.618	0.0735751
193.195	0.0707531
193.772	0.0624143
194.348	0.0654663
194.925	0.0616225
195.502	0.0587765
196.078	0.0562199
196.655	0.0492682
197.232	0.0554939
197.809	0.0320126
198.385	0.0472883
198.962	0.0881667
199.539	0.0786319
200.115	0.0520724
200.692	0.056964
201.269	0.0349822
201.845	0.0353442
202.422	0.0370273
202.999	0.0315443
203.576	0.0266426
204.152	0.0333252
204.729	0.0301753
205.306	0.03657
205.882	0.0300767
206.459	0.0245646
207.036	0.0345399
207.612	0.0253291
208.189	0.0385447
208.766	0.0599172
209.343	0.0643835
209.919	0.110827
210.496	0.0578231
211.073	0.0268887
211.649	0.0256033
212.226	0.0353915
212.803	0.0365274
213.379	0.0423043
213.956	0.0429407
214.533	0.0390054
215.11	0.0443403
215.686	0.0484175
216.263	0.0566229
216.84	0.0601336
217.416	0.0640115
217.993	0.0718285
218.57	0.0739644
219.146	0.113479
219.723	0.0819575
220.3	0.0813031
220.877	0.0841676
221.453	0.105026
222.03	0.0974254
222.607	0.10471
223.183	0.107463
223.76	0.112194
224.337	0.120738
224.913	0.12565
225.49	0.136399
226.067	0.142672
226.644	0.150036
227.22	0.168587
227.797	0.1678
228.374	0.177381
228.95	0.194331
229.527	0.192586
230.104	0.193047
230.681	0.216204
231.257	0.240291
231.834	0.243326
232.411	0.277374
232.987	0.322108
233.564	0.338752
234.141	0.353069
234.717	0.406345
235.294	0.479657
235.871	0.539872
236.448	0.673443
237.024	0.803385
237.601	1.01466
238.178	1.73585
238.754	4.88776
239.331	7.62478
239.908	2.20997
240.484	1.32813
241.061	0.810615
241.638	0.573284
242.215	0.500047
242.791	0.376549
243.368	0.340259
243.945	0.288123
244.521	0.235876
245.098	0.185628
245.675	0.200554
246.251	0.170792
246.828	0.146584
247.405	0.125278
247.982	0.109673
248.558	0.106579
249.135	0.0979926
249.712	0.0872373
250.288	0.087337
250.865	0.06808
251.442	0.05672
252.018	0.0569487
252.595	0.0478671
253.172	0.0521655
253.749	0.034644
254.325	0.0293317
254.902	0.0258997
255.479	0.0314407
256.055	0.0280599
256.632	0.0189479
257.209	0.0200523
257.785	0.0171702
258.362	0.0290724
258.939	0.16303
259.516	0.0197794
260.092	0.00454328
260.669	0.00338695
261.246	0.00885817
261.822	0.0151285
262.399	0.00850582
262.976	0.0119755
263.552	0.0125164
264.129	0.0210058
264.706	0.0219375
265.283	0.0155359
265.859	0.025831
266.436	0.0340921
267.013	0.0199633
267.589	0.0224781
268.166	0.0198035
268.743	0.0311807
269.319	0.0306949
269.896	0.0286734
270.473	0.0269682
271.05	0.0255668
271.626	0.033508
272.203	0.034794
272.78	0.0332208
273.356	0.030335
273.933	0.0316153
274.51	0.0347881
275.087	0.0257741
275.663	0.0298341
276.24	0.0264587
276.817	0.0288827
277.393	0.0373224
277.97	0.0323545
278.547	0.0408506
279.123	0.0831994
279.7	0.034036
280.277	0.0199142
280.854	0.0382704
281.43	0.033875
282.007	0.0347994
282.584	0.0274426
283.16	0.024443
283.737	0.0233639
284.314	0.029365
284.89	0.0241416
285.467	0.0256063
286.044	0.0318104
286.621	0.0355744
287.197	0.0332964
287.774	0.00757597
288.351	0.0334504
288.927	0.0302447
289.504	0.0299098
290.081	0.0412144
290.657	0.027839
291.234	0.0274461
291.811	0.0255504
292.388	0.0131886
292.964	0.0226423
293.541	0.0240811
294.118	0.0223978
294.694	0.0264922
295.271	0.0262598
295.848	0.0255047
296.424	0.0152185
297.001	0.0231078
297.578	0.0136272
298.155	0.00905353
298.731	0.0326304
299.308	0.0339405
299.885	0.0292685
300.461	0.0192832
301.038	0.0246544
301.615	0.0145125
302.191	0.0257268
302.768	0.0253134
303.345	0.0306328
303.922	0.0263008
304.498	0.0248858
305.075	0.0205849
305.652	0.0264117
306.228	0.0210343
306.805	0.0181289
307.382	0.0228397
307.958	0.0189781
308.535	0.0209912
309.112	0.0272355
309.689	0.0335661
310.265	0.0207354
310.842	0.028802
311.419	0.0246427
311.995	0.0285995
312.572	0.0200639
313.149	0.025039
313.725	0.033412
314.302	0.0247128
314.879	0.0294435
315.456	0.0362091
316.032	0.0252676
316.609	0.0230923
317.186	0.0244042
317.762	0.0230281
318.339	0.016626
318.916	0.0756677
319.493	0.038735
320.069	0.0378088
320.646	0.0392115
321.223	0.0357144
321.799	0.033988
322.376	0.0387068
322.953	0.0370229
323.529	0.0361733
324.106	0.0297983
324.683	0.0378391
325.26	0.0348731
325.836	0.0351919
326.413	0.0403502
326.99	0.0314559
327.566	0.0331715
328.143	0.0332005
328.72	0.0341057
329.296	0.0359624
329.873	0.0302291
330.45	0.0332546
331.027	0.0369801
331.603	0.0337097
332.18	0.0419139
332.757	0.0437424
333.333	0.0430741
333.91	0.031903
334.487	0.0380494
335.063	0.0372492
335.64	0.0298175
336.217	0.0377487
336.794	0.0384011
337.37	0.0309488
337.947	0.0322757
338.524	0.0523107
339.1	0.0214802
339.677	0.0286909
340.254	0.0398728
340.83	0.0307717
341.407	0.0339875
341.984	0.0296242
342.561	0.0261271
343.137	0.0341492
343.714	0.0333548
344.291	0.0289767
344.867	0.0287548
345.444	0.0299986
346.021	0.0334043
346.597	0.0277082
347.174	0.0367915
347.751	0.0305926
348.328	0.026845
348.904	0.0322815
349.481	0.0274894
350.058	0.0332347
350.634	0.0322611
351.211	0.0281041
351.788	0.0363992
352.364	0.0304656
352.941	0.0260585
353.518	0.0282086
354.095	0.0296461
354.671	0.0189328
355.248	0.034794
355.825	0.0271972
356.401	0.0264882
356.978	0.031276
357.555	0.0299753
358.131	0.0411082
358.708	0.0295862
359.285	0.0198953
359.862	0.0318925
360.438	0.0156522
361.015	0.0151283
361.592	0.0141595
362.168	0.0201311
362.745	0.0243123
363.322	0.00755995
363.899	0.0166752
364.475	0.0218511
365.052	0.0166944
365.629	0.0192054
366.205	0.0192234
366.782	0.0107575
367.359	0.0139158
367.935	0.0115388
368.512	0.0128333
369.089	0.018047
369.666	0.0198743
370.242	0.0118352
370.819	0.0128187
371.396	0.00523759
371.972	0.0144843
372.549	0.0135654
373.126	0.0124543
373.702	0.010232
374.279	0.00611149
374.856	0.0084977
375.433	0.00933911
376.009	0.00334308
376.586	0.00977273
377.163	0.0131873
377.739	0.0197074
378.316	0.0556953
378.893	0.0514948
379.469	0.0278935
380.046	0.0245058
380.623	0.00194546
381.2	0.00584979
381.776	0.0108247
382.353	0.00359387
382.93	0.0101748
383.506	0.00794097
384.083	0.0021943
384.66	0.008269
385.236	0.00675258
385.813	0.00284767
386.39	0.00658207
386.967	0.00943038
387.543	0.00443122
388.12	0.0059894
388.697	0.00392078
389.273	0.0137626
389.85	0.00524606
390.427	0.00996068
391.003	0.00810979
391.58	0.0115773
392.157	0.018376
392.734	0.00844483
393.31	0.00540555
393.887	0.00938035
394.464	0.00695927
395.04	0.00465666
395.617	0.0106523
396.194	0.0122473
396.77	0.00278354
397.347	0.0148442
397.924	0.0209012
398.501	0.106433
399.077	0.0176615
399.654	0.0137262
400.231	0.00221159
400.807	0.0123353
401.384	0.00938184
401.961	0.0126584
402.537	0.0133292
403.114	0.00947736
403.691	0.0132058
404.268	0.00640609
404.844	0.0151132
405.421	0.00475058
405.998	0.0072414
406.574	0.0110333
407.151	0.0166881
407.728	0.00498721
408.304	0.0114757
408.881	0.0139389
409.458	0.00928509
410.035	0.0128758
410.611	0.0164613
411.188	0.0130509
411.765	0.0181097
412.341	0.0124643
412.918	0.012713
413.495	0.0124819
414.072	0.0102766
414.648	0.0109663
415.225	0.0169325
415.802	0.00736034
416.378	0.0134286
416.955	0.0145957
417.532	0.0157124
418.108	0.0226137
418.685	0.0112882
419.262	0.00367303
419.839	0.00653088
420.415	0.00350049
420.992	0.00958547
421.569	0.00949396
422.145	0.0110314
422.722	0.0157514
423.299	0.0179917
423.875	0.00687987
424.452	0.0089563
425.029	0.00795453
425.606	0.0144306
426.182	0.00857151
426.759	0.0112781
427.336	0.00587093
427.912	0.00223314
428.489	0.00128753
429.066	0.00148535
429.642	0.0318083
430.219	0.0179521
430.796	0.00501064
431.373	0.0091809
431.949	0.0136699
432.526	0.0103647
433.103	0.0145155
433.679	0.0108402
434.256	0.00958991
434.833	0.00773422
435.409	0.0128029
435.986	0.0124153
436.563	0.0113617
437.14	0.00711237
437.716	0.0142415
438.293	0.0432466
438.87	0.0114324
439.446	0.0106836
440.023	0.0147877
440.6	0.0221843
441.176	0.0244078
441.753	0.00792909
442.33	0.00522765
442.907	0.00464744
443.483	0.0200848
444.06	0.00489005
444.637	0.0127559
445.213	0.0141189
445.79	0.011552
446.367	0.0149762
446.943	0.0165954
447.52	0.0182702
448.097	0.00484415
448.674	0.0118202
449.25	0.109486
449.827	0.0241323
450.404	0.00895044
450.98	0.017921
451.557	0.00763718
452.134	0.013097
452.71	0.0128313
453.287	0.00445555
453.864	0.00648135
454.441	0.0144388
455.017	0.00939618
455.594	0.00951355
456.171	0.0054992
456.747	0.0163359
457.324	0.00500019
457.901	0.00233518
458.478	0.040659
459.054	0.0196177
459.631	0.00860941
460.208	0.00358418
460.784	0.0102351
461.361	0.0106528
461.938	0.0105867
462.514	0.00736828
463.091	0.0060847
463.668	0.00798992
464.245	0.00878514
464.821	0.0129218
465.398	0.0180673
465.975	0.0134005
466.551	0.0204745
467.128	0.0174967
467.705	0.0227626
468.281	0.0207193
468.858	0.0291794
469.435	0.0270477
470.012	0.0269157
470.588	0.0371274
471.165	0.0360486
471.742	0.031359
472.318	0.0526791
472.895	0.0654832
473.472	0.0689609
474.048	0.0743715
474.625	0.0997454
475.202	0.107137
475.779	0.159858
476.355	0.195562
476.932	0.234423
477.509	0.387002
478.085	2.50998
478.662	0.749198
479.239	0.397207
479.815	0.326659
480.392	0.214368
480.969	0.144822
481.546	0.144415
482.122	0.109603
482.699	0.0967132
483.276	0.0961335
483.852	0.0785227
484.429	0.0687057
485.006	0.0706108
485.582	0.0713683
486.159	0.0583128
486.736	0.0468463
487.313	0.0403003
487.889	0.0399612
488.466	0.039035
489.043	0.0476108
489.619	0.0376702
490.196	0.0432548
490.773	0.0416864
491.349	0.0265334
491.926	0.0306348
492.503	0.0265315
493.08	0.0288135
493.656	0.0180532
494.233	0.0274436
494.81	0.0297416
495.386	0.0296397
495.963	0.0247903
496.54	0.0219821
497.116	0.0229657
497.693	0.0284141
498.27	0.0144975
498.847	0.0122519
499.423	0.0175989
500	0.0152214
500.577	0.0213963
501.153	0.0184753
501.73	0.00940146
502.307	0.0137976
502.884	0.0206266
503.46	0.00883857
504.037	0.00980063
504.614	0.0148532
505.19	0.0131534
505.767	0.0131633
506.344	0.00981651
506.92	0.0272869
507.497	0.00579766
508.074	0.00557247
508.651	0.00628153
509.227	0.00909654
509.804	0.00703421
510.381	0.00287269
510.957	0.00408462
511.534	0.00601439
512.111	0.00244649
512.687	0.00753836
513.264	0.00618093
513.841	0.00808444
514.418	0.0111651
514.994	0.0050801
515.571	0.00772036
516.148	0.00289489
516.724	0.00639724
517.301	0.0110334
517.878	0.0384578
518.454	0.00477403
519.031	0.00105885
519.608	0.00932225
520.185	0.00703489
520.761	0.00956365
521.338	0.0144631
521.915	0.00816801
522.491	0.00849023
523.068	0.0151212
523.645	0.0078565
524.221	0.00931711
524.798	0.00485807
525.375	0.0151546
525.952	0.0106004
526.528	0.00693776
527.105	0.00617297
527.682	0.0123386
528.258	0.00349136
528.835	0.0178916
529.412	0.00966434
529.988	0.0178754
530.565	0.00659915
531.142	0.020099
531.719	0.007547
532.295	0.00675922
532.872	0.00865825
533.449	0.0107899
534.025	0.0109816
534.602	0.0263242
535.179	0.0140186
535.755	0.011095
536.332	0.011032
536.909	0.0122031
537.486	0.0140555
538.062	0.0269349
538.639	0.00775769
539.216	0.00684703
539.792	0.00956289
540.369	0.0191088
540.946	0.0286287
541.522	0.0137762
542.099	0.00947042
542.676	0.00782059
543.253	0.00363203
543.829	0.0112768
544.406	0.0121889
544.983	0.0157006
545.559	0.00528136
546.136	0.00582796
546.713	0.0173439
547.29	0.0130045
547.866	0.012196
548.443	0.0040824
549.02	0.00674087
549.596	0.0117243
550.173	0.00513311
550.75	0.0132909
551.326	0.00871495
551.903	0.00756971
552.48	0.00662673
553.057	0.0079523
553.633	0.00364286
554.21	0.00989472
554.787	0.0122208
555.363	0.0125743
555.94	0.00571697
556.517	0.012034
557.093	0.0145405
557.67	0.0605201
558.247	0.0593719
558.824	0.0229247
559.4	0.0148575
559.977	0.0111191
560.554	0.00665471
561.13	0.00878231
561.707	0.00462286
562.284	0.0132807
562.86	0.00780191
563.437	0.00375429
564.014	0.00969812
564.591	0.0037819
565.167	0.00778126
565.744	0.00556222
566.321	0.00909797
566.897	0.00422931
567.474	0.00558577
568.051	0.0100424
568.627	0.0104164
569.204	0.00529678
569.781	0.00637737
570.358	0.00633438
570.934	0.00257448
571.511	0.0152706
572.088	0.00530154
572.664	0.00387296
573.241	0.0045419
573.818	0.00415242
574.394	0.00601918
574.971	0.00139246
575.548	0.0123566
576.125	0.00684573
576.701	0.00889113
577.278	0.00550055
577.855	0.0384112
578.431	0.00452599
579.008	0.00873233
579.585	0.00520714
580.161	0.00541442
580.738	0.00613946
581.315	0.00170264
581.892	0.00268339
582.468	0.0105926
583.045	0.00819705
583.622	0.00164561
584.198	0.00918408
584.775	0.00357811
585.352	0.00628507
585.928	0.00781732
586.505	0.00624092
587.082	0.0082734
587.659	0.0118845
588.235	0.00809006
588.812	0.0129685
589.389	0.00797732
589.965	0.00824772
590.542	0.0146724
591.119	0.0122172
591.696	0.00906492
592.272	0.00792548
592.849	0.00967091
593.426	0.00808541
594.002	0.00843133
594.579	0.00895734
595.156	0.00302003
595.732	0.00905434
596.309	0.00860755
596.886	0.0128759
597.463	0.0182181
598.039	0.0282506
598.616	0.00906037
599.193	0.0147402
599.769	0.0121117
600.346	0.0115072
600.923	0.00434354
601.499	0.00464998
602.076	0.00981495
602.653	0.00914938
603.23	0.00926571
603.806	0.00737614
604.383	0.00368943
604.96	0.0102635
605.536	0.00615067
606.113	0.0087088
606.69	0.00196537
607.266	0.00549441
607.843	0.00928087
608.42	0.00396595
608.997	0.00925148
609.573	0.00331189
610.15	0.00953797
610.727	0.00780507
611.303	0.00392359
611.88	0.00742323
612.457	0.00438279
613.033	0.00843035
613.61	0.00601349
614.187	0.00741466
614.764	0.00745595
615.34	0.0123377
615.917	0.0121094
616.494	0.011456
617.07	0.00580313
617.647	0.0634432
618.224	0.015067
618.8	0.00286506
619.377	0.0165284
619.954	0.00810988
620.531	0.00557442
621.107	0.0131324
621.684	0.00997872
622.261	0.00823421
622.837	0.00725659
623.414	0.00991297
623.991	0.0108318
624.567	0.0063049
625.144	0.011029
625.721	0.0132885
626.298	0.010892
626.874	0.00425613
627.451	0.0057376
628.028	0.0121113
628.604	0.0106535
629.181	0.0085292
629.758	0.00712045
630.334	0.00352132
630.911	0.0123821
631.488	0.0104016
632.065	0.00946943
632.641	0.00827054
633.218	0.00765227
633.795	0.00899012
634.371	0.00943824
634.948	0.00408287
635.525	0.0163674
636.101	0.00987068
636.678	0.00509481
637.255	0.0392459
637.832	0.0445852
638.408	0.0150848
638.985	0.0101909
639.562	0.00590361
640.138	0.000849787
640.715	0.00677748
641.292	0.00374082
641.869	0.00368664
642.445	0.00935413
643.022	0.00370477
643.599	0.00354931
644.175	0.0081023
644.752	0.00436154
645.329	0.0111205
645.905	0.00339114
646.482	0.00264529
647.059	0.00350486
647.636	0.0120935
648.212	0.00582091
648.789	0.0061858
649.366	0.00404743
649.942	0.0058619
650.519	0.00828331
651.096	0.00361267
651.672	0.00866651
652.249	0.0089917
652.826	0.00622193
653.403	0.00763486
653.979	0.00935127
654.556	0.00471606
655.133	0.00276397
655.709	0.00840555
656.286	0.00157025
656.863	0.00997114
657.439	0.0171909
658.016	0.00725284
658.593	0.00579619
659.17	0.012546
659.746	0.00513482
660.323	0.00889404
660.9	0.00473933
661.476	0.0100698
662.053	0.000367204
662.63	0.00902148
663.206	0.00204335
663.783	0.00471617
664.36	0.0132855
664.937	0.0072275
665.513	0.00516031
666.09	0.00904452
666.667	0.00645143
667.243	0.0126277
667.82	0.00592981
668.397	0.0351515
668.973	0.00565774
669.55	0.00721653
670.127	0.00556342
670.704	0.00511403
671.28	0.00504145
671.857	0.00544748
672.434	0.00274927
673.01	0.00972045
673.587	0.00620938
674.164	0.00331468
674.74	0.00412077
675.317	0.00241119
675.894	0.00683266
676.471	0.00529141
677.047	0.00871319
677.624	0.0247328
678.201	0.0132907
678.777	0.0031682
679.354	0.00671899
679.931	0.0100068
680.507	0.00712852
681.084	0.0110327
681.661	0.0163381
682.238	0.0154156
682.814	0.0119484
683.391	0.0077504
683.968	0.0130431
684.544	0.0119914
685.121	0.0207435
685.698	0.0191606
686.275	0.0372563
686.851	0.0635409
687.428	0.0560445
688.005	0.0886532
688.581	0.205114
689.158	0.0229591
689.735	0.0320331
690.311	0.0202512
690.888	0.0184208
691.465	0.00737494
692.042	0.00730891
692.618	0.00253638
693.195	0.00798149
693.772	0.0145123
694.348	0.0064387
694.925	0.00213961
695.502	0.00307769
696.078	0.0110025
696.655	0.00414208
697.232	0.0468632
697.809	0.0198806
698.385	0.0138317
698.962	0.00957829
699.539	0.00676458
700.115	0.0116314
700.692	0.00314074
701.269	0.00916704
701.845	0.00776843
702.422	0.00604626
702.999	0.016267
703.576	0.00978487
704.152	0.00663102
704.729	0.0108035
705.306	0.00933852
705.882	0.0131445
706.459	0.0173192
707.036	0.0143178
707.612	0.0044915
708.189	0.0211451
708.766	0.0232453
709.343	0.0170676
709.919	0.0113826
710.496	0.0193214
711.073	0.0179739
711.649	0.00904168
712.226	0.0145271
712.803	0.0162102
713.379	0.0253582
713.956	0.0176225
714.533	0.0289736
715.11	0.021394
715.686	0.0191727
716.263	0.0791037
716.84	0.204881
717.416	0.910168
717.993	0.158193
718.57	0.0961333
719.146	0.0112101
719.723	0.00338028
720.3	0.00918028
720.877	0.00626982
721.453	0.00506031
722.03	0.00920362
722.607	0.0152349
723.183	0.00848846
723.76	0.00533138
724.337	0.00402152
724.913	0.01468
725.49	0.00810452
726.067	0.0203385
726.644	0.00826106
727.22	0.00473161
727.797	0.0121445
728.374	0.016571
728.95	0.00787377
729.527	0.00723117
730.104	0.0103354
730.681	0.0162722
731.257	0.00696489
731.834	0.00267377
732.411	0.00947198
732.987	0.0114429
733.564	0.0024239
734.141	0.0135938
734.717	0.0059812
735.294	0.0192917
735.871	0.00582179
736.448	0.0208606
737.024	0.0422853
737.601	0.00596179
738.178	0.0105885
738.754	0.00828797
739.331	0.0142133
739.908	0.012474
740.484	0.0053673
741.061	0.00846705
741.638	0.0123081
742.215	0.0129323
742.791	0.011384
743.368	0.0047229
743.945	0.00760606
744.521	0.0116696
745.098	0.00837764
745.675	0.00147864
746.251	0.0364086
746.828	0.0106988
747.405	0.00200796
747.982	0.0130705
748.558	0.0116499
749.135	0.0141026
749.712	0.0162497
750.288	0.00785329
750.865	0.0188963
751.442	0.00760998
752.018	0.0150394
752.595	0.00185477
753.172	0.00727233
753.749	0.00448388
754.325	0.0106018
754.902	0.00306304
755.479	0.00660918
756.055	0.0115843
756.632	0.0164858
757.209	0.0195071
757.785	0.00465926
758.362	0.00719302
758.939	0.0134049
759.516	0.00589598
760.092	0.007607
760.669	0.00872175
761.246	0.0100305
761.822	0.00660054
762.399	0.00788438
762.976	0.00435775
763.552	0.0092591
764.129	0.00584182
764.706	0.00229503
765.283	0.00881056
765.859	0.00262099
766.436	0.0125162
767.013	0.0152411
767.589	0.0100234
768.166	0.00234765
768.743	0.00369339
769.319	0.00818141
769.896	0.00324996
770.473	0.00750076
771.05	0.00650663
771.626	0.00600229
772.203	0.0121849
772.78	0.00691617
773.356	0.0101002
773.933	0.00550363
774.51	0.00538406
775.087	0.00412234
775.663	0.0090245
776.24	0.00213747
776.817	0.0143786
777.393	0.0233124
777.97	0.00820788
778.547	0.00764064
779.123	0.00602342
779.7	0.00922243
780.277	0.00634288
780.854	0.00321435
781.43	0.00376013
782.007	0.00235733
782.584	0.0115328
783.16	0.0084313
783.737	0.0097216
784.314	0.00755716
784.89	0.00786759
785.467	0.00948561
786.044	0.00665721
786.621	0.00659811
787.197	0.00842303
787.774	0.0157651
788.351	0.0153063
788.927	0.00569356
789.504	0.00577753
790.081	0.00802889
790.657	0.00989263
791.234	0.00513508
791.811	0.0051778
792.388	0.00908019
792.964	0.00671171
793.541	0.00205396
794.118	0.00240055
794.694	0.00178916
795.271	0.00882185
795.848	0.0082789
796.424	0.00113779
797.001	0.0441835
797.578	0.00437286
798.155	0.0130718
798.731	0.00414871
799.308	0.00218869
799.885	0.00364299
800.461	0.00362454
801.038	0.012723
801.615	0.00342061
802.191	0.00230248
802.768	0.00146405
803.345	0.00732688
803.922	0.00168842
804.498	0.00574889
805.075	0.00320215
805.652	0.00622195
806.228	0.00475062
806.805	0.00852208
807.382	0.00388658
807.958	0.00475263
808.535	0.000399235
809.112	0.00332889
809.689	0.0153841
810.265	0.00833553
810.842	0.00375186
811.419	0.00845812
811.995	0.0174141
812.572	0.011648
813.149	0.00829355
813.725	0.00881453
814.302	0.00806238
814.879	0.0125203
815.456	0.012448
816.032	0.00806063
816.609	0.0152139
817.186	0.021285
817.762	0.00862989
818.339	0.00702299
818.916	0.0086382
819.493	0.00322841
820.069	0.00528331
820.646	0.00506018
821.223	0.00737525
821.799	0.00475379
822.376	0.0114369
822.953	0.00935699
823.529	0.0136023
824.106	0.00515543
824.683	0.00480362
825.26	0.00608343
825.836	0.0087012
826.413	0.00636325
826.99	0.0143852
827.566	0.0110249
828.143	0.0157823
828.72	0.0048415
829.296	0.00153495
829.873	0.00860591
830.45	0.00654014
831.027	0.00461442
831.603	0.0090501
832.18	0.0132529
832.757	0.011479
833.333	0.0061436
833.91	0.00314802
834.487	0.00578199
835.063	0.0094558
835.64	0.00659705
836.217	0.0112103
836.794	0.0084607
837.37	0.0102329
837.947	0.00316014
838.524	0.00662691
839.1	0.00183765
839.677	0.00149782
840.254	0.00172772
840.83	0.00713617
841.407	0.00549511
841.984	0.00246492
842.561	0.00183934
843.137	0.00192451
843.714	0.00477195
844.291	0.00126785
844.867	0.0110984
845.444	0.00400451
846.021	0.00873171
846.597	0.00330043
847.174	0.00266493
847.751	0.0136033
848.328	0.00787813
848.904	0.00593723
849.481	0.00519161
850.058	0.00830345
850.634	0.000480809
851.211	0.00383811
851.788	0.00105015
852.364	0.00404276
852.941	0.0105834
853.518	0.00352013
854.095	0.0038516
854.671	0.0115311
855.248	0.00347629
855.825	0.010145
856.401	0.00178709
856.978	0.010991
857.555	0.00715953
858.131	0.00131743
858.708	0.00398
859.285	0.00712431
859.862	0.0061326
860.438	0.00824502
861.015	0.00635475
861.592	0.00275371
862.168	0.00538562
862.745	0.00813001
863.322	0.00506942
863.899	0.00146086
864.475	0.00811772
865.052	0.00647657
865.629	0.0042379
866.205	0.00444772
866.782	0.00925664
867.359	0.00846963
867.935	0.0245581
868.512	0.00814977
869.089	0.00341981
869.666	0.0109008
870.242	0.00915508
870.819	0.00195935
871.396	0.00957575
871.972	0.00848156
872.549	0.00411666
873.126	0.00654374
873.702	0.00304944
874.279	0.00379958
874.856	0.00591766
875.433	0.00367589
876.009	0.005667
876.586	0.0183275
877.163	0.0170785
877.739	0.00139853
878.316	0.00809274
878.893	0.00729604
879.469	0.00578366
880.046	0.00155819
880.623	0.0111717
881.2	0.00459562
881.776	0.00320457
882.353	0.0024246
882.93	0.00514987
883.506	0.00526542
884.083	0.00496354
884.66	0.00684855
885.236	0.0053484
885.813	0.00884492
886.39	0.0111811
886.967	0.00431766
887.543	0.014873
888.12	0.00512144
888.697	0.00346997
889.273	0.00903417
889.85	0.00739075
890.427	0.00190588
891.003	0.0116386
891.58	0.00303422
892.157	0.00919976
892.734	0.00645448
893.31	0.00799191
893.887	0.0031517
894.464	0.00809531
895.04	0.00415481
895.617	0.00428405
896.194	0.00449578
896.77	0.0315541
897.347	0.0117965
897.924	0.00754771
898.501	0.00926191
899.077	0.00149194
899.654	0.00921841
900.231	0.00986629
900.807	0.00722274
901.384	0.00231732
901.961	0.00316949
902.537	0.00383944
903.114	0.00160855
903.691	0.00519524
904.268	0.00839261
904.844	0.00423476
905.421	0.00308079
905.998	0.0060804
906.574	0.010499
907.151	0.00578005
907.728	0.0322704
908.304	0.00473934
908.881	0.0144
909.458	0.00395714
910.035	0.00973993
910.611	0.00480456
911.188	0.00392277
911.765	0.00439263
912.341	0.00370157
912.918	0.00409611
913.495	0.00330622
914.072	0.0043762
914.648	0.00590988
915.225	0.0142121
915.802	0.00431357
916.378	0.01605
916.955	0.0174998
917.532	0.00950241
918.108	0.000904915
918.685	0.0057509
919.262	0.00535639
919.839	0.0063103
920.415	0.0118079
920.992	0.00568254
921.569	0.0100771
922.145	0.00593985
922.722	0.00858368
923.299	0.0145851
923.875	0.00630484
924.452	0.00808464
925.029	0.00756905
925.606	0.0216993
926.182	0.0528829
926.759	0.0760441
927.336	0.233516
927.912	0.118833
928.489	0.0248973
929.066	0.0145752
929.642	0.00709083
930.219	0.0178206
930.796	0.0125679
931.373	0.00445602
931.949	0.0041463
932.526	0.00367068
933.103	0.00572005
933.679	0.00586944
934.256	0.00218694
934.833	0.00970903
935.409	0.00888958
935.986	0.00264243
936.563	0.0331029
937.14	0.00408195
937.716	0.00716408
938.293	0.00982087
938.87	0.00414173
939.446	0.0107352
940.023	0.000284222
940.6	0.00452718
941.176	0.00883852
941.753	0.00221038
942.33	0.00277959
942.907	0.00328414
943.483	0.000727407
944.06	0.00807768
944.637	0.0117226
945.213	0.00897795
945.79	0.00491217
946.367	0.0111041
946.943	0.0149668
947.52	0.0300259
948.097	0.00940335
948.674	0.0184437
949.25	0.0154931
949.827	0.00807704
950.404	0.010098
950.98	0.0110224
951.557	0.0106488
952.134	0.00942087
952.71	0.0144862
953.287	0.020141
953.864	0.032257
954.441	0.0157538
955.017	0.0312468
955.594	0.0477123
956.171	0.228147
956.747	0.200334
957.324	0.0895251
957.901	0.0615841
958.478	0.0361781
959.054	0.020353
959.631	0.0188165
960.208	0.0128493
960.784	0.0154804
961.361	0.021465
961.938	0.00937249
962.514	0.016336
963.091	0.0135739
963.668	0.0128479
964.245	0.00827378
964.821	0.0180222
965.398	0.0109296
965.975	0.0145637
966.551	0.00366648
967.128	0.0020295
967.705	0.0150994
968.281	0.00273022
968.858	0.00441542
969.435	0.00532285
970.012	0.0121032
970.588	0.0120537
971.165	0.0141376
971.742	0.00504929
972.318	0.00413533
972.895	0.0122226
973.472	0.00301978
974.048	0.00411369
974.625	0.0102794
975.202	0.00492343
975.779	0.00734085
976.355	0.0575952
976.932	0.00709812
977.509	0.00675908
978.085	0.0116006
978.662	0.00371454
979.239	0.00681214
979.815	0.00292773
980.392	0.00584361
980.969	0.00403679
981.546	0.00528424
982.122	0.00968668
982.699	0.00735521
983.276	0.00431358
983.852	0.00484854
984.429	0.00129982
985.006	0.00294964
985.582	0.0109043
986.159	0.0069057
986.736	0.00470726
987.313	0.0236747
987.889	0.00770012
988.466	0.0112885
989.043	0.00465672
989.619	0.0103966
990.196	0.00258416
990.773	0.00914809
991.349	0.0119438
991.926	0.00624328
992.503	0.00172348
993.08	0.0117609
993.656	0.00502132
994.233	0.00653796
994.81	0.0134039
995.386	0.00395794
995.963	0.00149849
996.54	0.00589841
997.116	0.00555154
997.693	0.00974836
998.27	0.0035707
998.847	0.00376909
999.423	0.00602111
1000	0.00199893
1000.58	0.00632921
1001.15	0.00334312
1001.73	0.00710847
1002.31	0.00565505
1002.88	0.00490135
1003.46	0.00335168
1004.04	0.0112487
1004.61	0.00942655
1005.19	0.00695266
1005.77	0.00568933
1006.34	0.00733659
1006.92	0.0122082
1007.5	0.0148059
1008.07	0.00586005
1008.65	0.000894434
1009.23	0.00187217
1009.8	0.00155451
1010.38	0.00721489
1010.96	0.00592464
1011.53	0.00530656
1012.11	0.00531092
1012.69	0.00959646
1013.26	0.00896145
1013.84	0.00627157
1014.42	0.00731152
1014.99	0.00541777
1015.57	0.00488085
1016.15	0.0209996
1016.72	0.00714109
1017.3	0.00260671
1017.88	0.0135329
1018.45	0.00826703
1019.03	0.010105
1019.61	0.00771212
1020.18	0.00606444
1020.76	0.00344358
1021.34	0.00771494
1021.91	0.00507354
1022.49	0.00171728
1023.07	0.00182825
1023.64	0.00648059
1024.22	0.00572974
1024.8	0.0117618
1025.37	0.0127936
1025.95	0.00754772
1026.53	0.00553507
1027.1	0.023235
1027.68	0.0125112
1028.26	0.0129269
1028.84	0.00434961
1029.41	0.00771272
1029.99	0.00124932
1030.57	0.00694239
1031.14	0.00610267
1031.72	0.0051596
1032.3	0.00322799
1032.87	0.00653176
1033.45	0.0088897
1034.03	0.00969817
1034.6	0.0103805
1035.18	0.00661875
1035.76	0.00947326
1036.33	0.00956057
1036.91	0.00282779
1037.49	0.00677531
1038.06	0.00718812
1038.64	0.00819218
1039.22	0.00451705
1039.79	0.00582604
1040.37	0.00971729
1040.95	0.00270533
1041.52	0.0023576
1042.1	0.00201465
1042.68	0.00580341
1043.25	0.00408665
1043.83	0.00372952
1044.41	0.00593363
1044.98	0.00624879
1045.56	0.00756013
1046.14	0.0063147
1046.71	0.00474993
1047.29	0.0141715
1047.87	0.0075122
1048.44	0.00700165
1049.02	0.00473691
1049.6	0.00961888
1050.17	0.00581073
1050.75	0.00277524
1051.33	0.000866879
1051.9	0.00493807
1052.48	0.00930348
1053.06	0.00288484
1053.63	0.00493935
1054.21	0.00756027
1054.79	0.0112062
1055.36	0.0112985
1055.94	0.0270746
1056.52	0.00370409
1057.09	0.00652809
1057.67	0.00162452
1058.25	0.00412142
1058.82	0.00965772
1059.4	0.00305875
1059.98	0.00901031
1060.55	0.00523717
1061.13	0.00325418
1061.71	0.00683249
1062.28	0.00114045
1062.86	0.00892191
1063.44	0.00452266
1064.01	0.00689439
1064.59	0.0013916
1065.17	0.00932772
1065.74	0.00475508
1066.32	0.00391207
1066.9	0.0216855
1067.47	0.00774505
1068.05	0.00451533
1068.63	0.00941209
1069.2	0.00556486
1069.78	0.00510456
1070.36	0.0156861
1070.93	0.00357333
1071.51	0.00969873
1072.09	0.00458407
1072.66	0.0059599
1073.24	0.00765133
1073.82	0.00633308
1074.39	0.0089416
1074.97	0.0113325
1075.55	0.00880329
1076.12	0.0130087
1076.7	0.00610041
1077.28	0.0055448
1077.85	0.00679691
1078.43	0.00809578
1079.01	0.01038
1079.58	0.00974836
1080.16	0.00460934
1080.74	0.00639309
1081.31	0.00675169
1081.89	0.00907496
1082.47	0.00688049
1083.04	0.00309959
1083.62	0.00444619
1084.2	0.00213485
1084.78	0.00980361
1085.35	0.0128714
1085.93	0.00725722
1086.51	0.00726332
1087.08	0.00892849
1087.66	0.00157201
1088.24	0.00492569
1088.81	0.00101973
1089.39	0.00283347
1089.97	0.000784123
1090.54	0.00728243
1091.12	0.00406085
1091.7	0.00499478
1092.27	0.0048132
1092.85	0.00638319
1093.43	0.00413413
1094	0.00432588
1094.58	0.0141479
1095.16	0.00773672
1095.73	0.0165247
1096.31	0.00684997
1096.89	0.00799523
1097.46	0.00206328
1098.04	0.00208573
1098.62	0.0028634
1099.19	0.00439424
1099.77	0.00526966
1100.35	0.00363766
1100.92	0.00620362
1101.5	0.00420703
1102.08	0.00327088
1102.65	0.00264812
1103.23	0.00516225
1103.81	0.00347139
1104.38	0.000517503
1104.96	0.00621066
1105.54	0.00535346
1106.11	0.00275227
1106.69	0.00743763
1107.27	0.00548405
1107.84	0.00377718
1108.42	0.00582239
1109	0.00527191
1109.57	0.00386448
1110.15	0.00778618
1110.73	0.00492678
1111.3	0.00659971
1111.88	0.000848951
1112.46	0.00324748
1113.03	0.0114076
1113.61	0.00619876
1114.19	0.00423953
1114.76	0.00338393
1115.34	0.00137948
1115.92	0.031501
1116.49	0.00486752
1117.07	0.00724638
1117.65	0.00778153
1118.22	0.00658735
1118.8	0.00298856
1119.38	0.00810878
1119.95	0.00517028
1120.53	0.00853889
1121.11	0.00132395
1121.68	0.00375599
1122.26	0.00422327
1122.84	0.005325
1123.41	0.00339588
1123.99	0.00908838
1124.57	0.00756506
1125.14	0.00433945
1125.72	0.00471979
1126.3	0.0110224
1126.87	0.00929763
1127.45	0.00639877
1128.03	0.000414657
1128.6	0.00144964
1129.18	0.00986953
1129.76	0.00226177
1130.33	0.00658856
1130.91	0.00653773
1131.49	0.00290436
1132.06	0.00703896
1132.64	0.00420304
1133.22	0.0083851
1133.79	0.00499582
1134.37	0.0137741
1134.95	0.013612
1135.52	0.0326014
1136.1	0.0161746
1136.68	0.0110708
1137.25	0.00596364
1137.83	0.0167026
1138.41	0.00298592
1138.99	0.00915471
1139.56	0.00325895
1140.14	0.0108554
1140.72	0.00251664
1141.29	0.00563547
1141.87	0.00302912
1142.45	0.00478849
1143.02	0.0100661
1143.6	0.0140179
1144.18	0.00376209
1144.75	0.0057154
1145.33	0.00512093
1145.91	0.00596805
1146.48	0.0298327
1147.06	0.0204249
1147.64	0.00943914
1148.21	0.00160664
1148.79	0.00325069
1149.37	0.00182401
1149.94	0.00162138
1150.52	0.00510514
1151.1	0.00499358
1151.67	0.00210849
1152.25	0.00754558
1152.83	0.00415597
1153.4	0.00356487
1153.98	0.0057846
1154.56	0.00895379
1155.13	0.00396134
1155.71	0.00375799
1156.29	0.00224737
1156.86	0.00485133
1157.44	0.0116543
1158.02	0.00396926
1158.59	0.00189965
1159.17	0.00696436
1159.75	0.00411805
1160.32	0.00718643
1160.9	0.00742056
1161.48	0.00183548
1162.05	0.00384165
1162.63	0.00510798
1163.21	0.00442246
1163.78	0.00410387
1164.36	0.0119382
1164.94	0.0155512
1165.51	0.0194918
1166.09	0.0130205
1166.67	0.128234
1167.24	0.0155499
1167.82	0.0149824
1168.4	0.00670897
1168.97	0.0146991
1169.55	0.00377584
1170.13	0.00954651
1170.7	0.0101923
1171.28	0.0112721
1171.86	0.0104467
1172.43	0.0110246
1173.01	0.00484569
1173.59	0.00730979
1174.16	0.0021473
1174.74	0.00647192
1175.32	0.0038532
1175.89	0.0122916
1176.47	0.0167464
1177.05	0.011152
1177.62	0.00572209
1178.2	0.00429527
1178.78	0.00524344
1179.35	0.00389979
1179.93	0.00675941
1180.51	0.00673814
1181.08	0.0124972
1181.66	0.00533924
1182.24	0.00487415
1182.81	0.0060363
1183.39	0.00310652
1183.97	0.00589669
1184.54	0.00502073
1185.12	0.0103468
1185.7	0.015341
1186.27	0.0107294
1186.85	0.00202005
1187.43	0.00854824
1188	0.000238991
1188.58	0.00577048
1189.16	0.00645066
1189.73	0.00992078
1190.31	0.00841439
1190.89	0.00910566
1191.46	0.00868442
1192.04	0.00731906
1192.62	0.00330905
1193.19	0.0131251
1193.77	0.00446845
1194.35	0.0153783
1194.93	0.0173582
1195.5	0.126263
1196.08	0.0157503
1196.66	0.0219308
1197.23	0.0174041
1197.81	0.0131202
1198.39	0.00515183
1198.96	0.00306684
1199.54	0.00543737
1200.12	0.00170932
1200.69	0.00267403
1201.27	0.00532738
1201.85	0.00942763
1202.42	0.00610219
1203	0.00652361
1203.58	0.00194876
1204.15	0.00338478
1204.73	0.00942116
1205.31	0.00293354
1205.88	0.00433243
1206.46	0.00463479
1207.04	0.00306285
1207.61	0.00667575
1208.19	0.00771839
1208.77	0.00577494
1209.34	0.00285548
1209.92	0.00813238
1210.5	0.00316913
1211.07	0.00357218
1211.65	0.00679889
1212.23	0.00294076
1212.8	0.0040476
1213.38	0.00531785
1213.96	0.00268021
1214.53	0.00754156
1215.11	0.0222533
1215.69	0.027928
1216.26	0.0047594
1216.84	0.00309685
1217.42	0.00736761
1217.99	0.00538998
1218.57	0.0118182
1219.15	0.0080746
1219.72	0.00396004
1220.3	0.000902575
1220.88	0.00395713
1221.45	0.00172797
1222.03	0.00994888
1222.61	0.00545356
1223.18	0.00763125
1223.76	0.00442756
1224.34	0.0147711
1224.91	0.0081757
1225.49	0.0126115
1226.07	0.017766
1226.64	0.0322172
1227.22	0.0118779
1227.8	0.0151261
1228.37	0.00519186
1228.95	0.00638478
1229.53	0.00192361
1230.1	0.00658709
1230.68	0.00327391
1231.26	0.00807559
1231.83	0.00862142
1232.41	0.00237755
1232.99	0.00909081
1233.56	0.00319776
1234.14	0.00235409
1234.72	0.00805246
1235.29	0.0111037
1235.87	0.00891548
1236.45	0.00241941
1237.02	0.00657338
1237.6	0.00808884
1238.18	0.0111035
1238.75	0.00464361
1239.33	0.00574448
1239.91	0.00465718
1240.48	0.00574669
1241.06	0.00268684
1241.64	0.0107315
1242.21	0.00565793
1242.79	0.0102888
1243.37	0.0023098
1243.94	0.00876144
1244.52	0.00751081
1245.1	0.00519394
1245.67	0.00284875
1246.25	0.029286
1246.83	0.00346396
1247.4	0.00486623
1247.98	0.0043098
1248.56	0.00829545
1249.13	0.0133109
1249.71	0.00388904
1250.29	0.00254325
1250.87	0.00806333
1251.44	0.00515542
1252.02	0.00883104
1252.6	0.0041827
1253.17	0.00410063
1253.75	0.00683885
1254.33	0.00370205
1254.9	0.00524947
1255.48	0.00809282
1256.06	0.00308968
1256.63	0.00613968
1257.21	0.00457577
1257.79	0.00270724
1258.36	0.0015714
1258.94	0.00564978
1259.52	0.00387115
1260.09	0.00110668
1260.67	0.00303223
1261.25	0.00625861
1261.82	0.00304372
1262.4	0.00356327
1262.98	0.00512311
1263.55	0.000621322
1264.13	0.00258784
1264.71	0.00126814
1265.28	0.00758123
1265.86	0.00454389
1266.44	0.0185417
1267.01	0.00927746
1267.59	0.0156555
1268.17	0.00538172
1268.74	0.00571452
1269.32	0.00858651
1269.9	0.00383414
1270.47	0.00468424
1271.05	0.00629714
1271.63	0.00724044
1272.2	0.00300927
1272.78	0.00473006
1273.36	0.00283173
1273.93	0.00640251
1274.51	0.00154891
1275.09	0.0109756
1275.66	0.00545479
1276.24	0.00947151
1276.82	0.0150002
1277.39	0.00768075
1277.97	0.00157029
1278.55	0.00235027
1279.12	0.000909644
1279.7	0.00509588
1280.28	0.0091557
1280.85	0.00633422
1281.43	0.00685354
1282.01	0.00311941
1282.58	0.0100493
1283.16	0.00904427
1283.74	0.00765409
1284.31	0.00699425
1284.89	0.00595619
1285.47	0.00495371
1286.04	0.0139452
1286.62	0.00707574
1287.2	0.0104423
1287.77	0.00922785
1288.35	0.00537311
1288.93	0.00646586
1289.5	0.00377064
1290.08	0.00279095
1290.66	0.0096086
1291.23	0.00248421
1291.81	0.0152246
1292.39	0.0030636
1292.96	0.00336032
1293.54	0.0109473
1294.12	0.00227353
1294.69	0.00784857
1295.27	0.0221302
1295.85	0.00426465
1296.42	0.00561408
1297	0.00707964
1297.58	0.00328987
1298.15	0.00522887
1298.73	0.00225305
1299.31	0.00678878
1299.88	0.00262942
1300.46	0.00861429
1301.04	0.00405969
1301.61	0.00299646
1302.19	0.0110602
1302.77	0.00476263
1303.34	0.00804295
1303.92	0.00605611
1304.5	0.000762183
1305.07	0.00550909
1305.65	0.0058186
1306.23	0.0289824
1306.81	0.0112901
1307.38	0.0102012
1307.96	0.00534213
1308.54	0.00713278
1309.11	0.00275566
1309.69	0.00821131
1310.27	0.00547947
1310.84	0.00200808
1311.42	0.000562229
1312	0.00744459
1312.57	0.011641
1313.15	0.00290008
1313.73	0.00919647
1314.3	0.00685818
1314.88	0.0158577
1315.46	0.00259618
1316.03	0.00725579
1316.61	0.00668748
1317.19	0.00457533
1317.76	0.00642028
1318.34	0.00183734
1318.92	0.00440776
1319.49	0.00356027
1320.07	0.00257089
1320.65	0.000514303
1321.22	0.00231275
1321.8	0.00774027
1322.38	0.0045338
1322.95	0.00315674
1323.53	0.00621446
1324.11	0.00921684
1324.68	0.00776653
1325.26	0.00474813
1325.84	0.0114384
1326.41	0.0088706
1326.99	0.00446784
1327.57	0.00821044
1328.14	0.00743142
1328.72	0.00681535
1329.3	0.00556834
1329.87	0.00398624
1330.45	0.00638347
1331.03	0.00404726
1331.6	0.00466711
1332.18	0.00104381
1332.76	0.00573105
1333.33	0.00627563
1333.91	0.0116173
1334.49	0.0107732
1335.06	0.0220401
1335.64	0.00334044
1336.22	0.00688376
1336.79	0.0134013
1337.37	0.0100626
1337.95	0.0034283
1338.52	0.00874547
1339.1	0.0031494
1339.68	0.00386405
1340.25	0.00300279
1340.83	0.00964161
1341.41	0.00237504
1341.98	0.00546234
1342.56	0.00863732
1343.14	0.00970152
1343.71	0.00719472
1344.29	0.0112953
1344.87	0.00495225
1345.44	0.00637539
1346.02	0.022003
1346.6	0.00261916
1347.17	0.00617445
1347.75	0.00673091
1348.33	0.00664038
1348.9	0.00798985
1349.48	0.00775677
1350.06	0.00354766
1350.63	0.00662587
1351.21	0.00365844
1351.79	0.00637711
1352.36	0.00172778
1352.94	0.00329163
1353.52	0.00318153
1354.09	0.00391466
1354.67	0.0124543
1355.25	0.0143642
1355.82	0.00502951
1356.4	0.00787646
1356.98	0.00912368
1357.55	0.00723087
1358.13	0.00915772
1358.71	0.0029349
1359.28	0.0072691
1359.86	0.00797516
1360.44	0.00928999
1361.01	0.00425691
1361.59	0.00648567
1362.17	0.00151394
1362.75	0.00812246
1363.32	0.00473792
1363.9	0.00572201
1364.48	0.0107893
1365.05	0.00580942
1365.63	0.00523571
1366.21	0.00372616
1366.78	0.00619605
1367.36	0.011172
1367.94	0.00596002
1368.51	0.0038293
1369.09	0.00998036
1369.67	0.00402238
1370.24	0.00777625
1370.82	0.0114885
1371.4	0.0107018
1371.97	0.00460125
1372.55	0.012672
1373.13	0.00676708
1373.7	0.0090362
1374.28	0.00540568
1374.86	0.02378
1375.43	0.00353728
1376.01	0.00835037
1376.59	0.0131282
1377.16	0.00247702
1377.74	0.0024107
1378.32	0.00560748
1378.89	0.00275924
1379.47	0.00847316
1380.05	0.0116145
1380.62	0.00722616
1381.2	0.00563954
1381.78	0.00580511
1382.35	0.000653807
1382.93	0.00687084
1383.51	0.00249236
1384.08	0.0123544
1384.66	0.00903698
1385.24	0.00925625
1385.81	0.0567335
1386.39	0.00922477
1386.97	0.00676732
1387.54	0.0102517
1388.12	0.00258416
1388.7	0.0015145
1389.27	0.0131533
1389.85	0.00260201
1390.43	0.00537724
1391	0.0126836
1391.58	0.0132163
1392.16	0.0110584
1392.73	0.00757713
1393.31	0.00507487
1393.89	0.00386466
1394.46	0.0132771
1395.04	0.00432143
1395.62	0.00551812
1396.19	0.0158913
1396.77	0.0100408
1397.35	0.0178286
1397.92	0.007211
1398.5	0.0110734
1399.08	0.0120652
1399.65	0.015748
1400.23	0.00720345
1400.81	0.019233
1401.38	0.0134533
1401.96	0.0110363
1402.54	0.0165971
1403.11	0.0183028
1403.69	0.0341182
1404.27	0.0593055
1404.84	0.0870933
1405.42	0.196532
1406	0.231739
1406.57	0.0500146
1407.15	0.033168
1407.73	0.0181588
1408.3	0.0346284
1408.88	0.0220893
1409.46	0.0167117
1410.03	0.0115913
1410.61	0.0124243
1411.19	0.01325
1411.76	0.0123482
1412.34	0.00942354
1412.92	0.0151213
1413.49	0.0195699
1414.07	0.0110656
1414.65	0.0282095
1415.22	0.0165179
1415.8	0.0132854
1416.38	0.00715778
1416.96	0.01092
1417.53	0.0129666
1418.11	0.00666617
1418.69	0.00267565
1419.26	0.00497771
1419.84	0.00465894
1420.42	0.00347392
1420.99	0.00656404
1421.57	0.005418
1422.15	0.00238358
1422.72	0.00954691
1423.3	0.00633515
1423.88	0.00756294
1424.45	0.00486769
1425.03	0.00248194
1425.61	0.0320435
1426.18	0.00108057
1426.76	0.00690842
1427.34	0.00731002
1427.91	0.000336611
1428.49	0.00577634
1429.07	0.0039726
1429.64	0.00141365
1430.22	0.00336047
1430.8	0.00221539
1431.37	0.0104008
1431.95	0.0187093
1432.53	0.00470441
1433.1	0.0127552
1433.68	0.0259424
1434.26	0.118448
1434.83	0.233893
1435.41	0.0754885
1435.99	0.0533956
1436.56	0.0216833
1437.14	0.00987804
1437.72	0.00917839
1438.29	0.00713497
1438.87	0.0155085
1439.45	0.00711529
1440.02	0.00396226
1440.6	0.00818023
1441.18	0.00340347
1441.75	0.0102043
1442.33	0.00600252
1442.91	0.00493487
1443.48	0.00707077
1444.06	0.00214147
1444.64	0.00929582
1445.21	0.0178352
1445.79	0.0157172
1446.37	0.00632678
1446.94	0.0156978
1447.52	0.00372136
1448.1	0.00662328
1448.67	0.00295592
1449.25	0.00619582
1449.83	0.00605266
1450.4	0.00448519
1450.98	0.00152146
1451.56	0.00261774
1452.13	0.0121958
1452.71	0.00613124
1453.29	0.0148102
1453.86	0.00706298
1454.44	0.0346022
1455.02	0.00533049
1455.59	0.00823834
1456.17	0.00429953
1456.75	0.00176941
1457.32	0.00475177
1457.9	0.0099181
1458.48	0.00547184
1459.05	0.00401395
1459.63	0.00622678
1460.21	0.00335197
1460.78	0.00372741
1461.36	0.00804024
1461.94	0.0115572
1462.51	0.00687808
1463.09	0.00187067
1463.67	0.0104428
1464.24	0.00741339
1464.82	0.0125027
1465.4	0.0316734
1465.97	0.00622557
1466.55	0.00317878
1467.13	0.00520359
1467.7	0.0102783
1468.28	0.00555115
1468.86	0.0102854
1469.43	0.00860161
1470.01	0.0114722
1470.59	0.00384409
1471.16	0.0133493
1471.74	0.00409744
1472.32	0.00565651
1472.9	0.00672409
1473.47	0.00438063
1474.05	0.00710758
1474.63	0.0125022
1475.2	0.00307446
1475.78	0.0126923
1476.36	0.0107495
1476.93	0.00371333
1477.51	0.00449871
1478.09	0.00294027
1478.66	0.00629809
1479.24	0.00688297
1479.82	0.00472829
1480.39	0.0037985
1480.97	0.0050394
1481.55	0.0112084
1482.12	0.00398731
1482.7	0.0065053
1483.28	0.00891054
1483.85	0.00971639
1484.43	0.00104787
1485.01	0.0180466
1485.58	0.0181714
1486.16	0.00337281
1486.74	0.00452415
1487.31	0.00832355
1487.89	0.00451152
1488.47	0.001698
1489.04	0.00682599
1489.62	0.002856
1490.2	0.00999
1490.77	0.00728664
1491.35	0.00210862
1491.93	0.00824642
1492.5	0.0107281
1493.08	0.00431454
1493.66	0.00618039
1494.23	0.0237909
1494.81	0.0103204
1495.39	0.0109932
1495.96	0.00532944
1496.54	0.00575454
1497.12	0.00557697
1497.69	0.00582226
1498.27	0.00218215
1498.85	0.00260767
1499.42	0.0101942
1500	0.00318197
1500.58	0.00509496
1501.15	0.0040426
1501.73	0.00844419
1502.31	0.0037202
1502.88	0.00507408
1503.46	0.0030709
1504.04	0.00340953
1504.61	0.00664605
1505.19	0.0130693
1505.77	0.0012725
1506.34	0.0110998
1506.92	0.00387482
1507.5	0.0109603
1508.07	0.00151283
1508.65	0.00583976
1509.23	0.00943783
1509.8	0.00602118
1510.38	0.00225371
1510.96	0.00138651
1511.53	0.00217067
1512.11	0.00680418
1512.69	0.00602757
1513.26	0.00835291
1513.84	0.0102009
1514.42	0.013877
1514.99	0.00243206
1515.57	0.002664
1516.15	0.0103778
1516.72	0.00345949
1517.3	0.0107882
1517.88	0.00364558
1518.45	0.00594778
1519.03	0.00422237
1519.61	0.00283744
1520.18	0.00399714
1520.76	0.00360026
1521.34	0.00784541
1521.91	0.00352476
1522.49	0.00376315
1523.07	0.00179768
1523.64	0.00699763
1524.22	0.00138363
1524.8	0.0102013
1525.37	0.00617153
1525.95	0.0101636
1526.53	0.00411196
1527.1	0.00942266
1527.68	0.00631242
1528.26	0.00360682
1528.84	0.0053843
1529.41	0.00909994
1529.99	0.0113021
1530.57	0.00971403
1531.14	0.00390424
1531.72	0.00765616
1532.3	0.00915241
1532.87	0.00349344
1533.45	0.00296235
1534.03	0.0142344
1534.6	0.0122286
1535.18	0.0142668
1535.76	0.00653182
1536.33	0.00639348
1536.91	0.0085657
1537.49	0.00237955
1538.06	0.00327862
1538.64	0.0140133
1539.22	0.00901468
1539.79	0.0104909
1540.37	0.00665784
1540.95	0.00597483
1541.52	0.00366272
1542.1	0.00280278
1542.68	0.00537804
1543.25	0.00616631
1543.83	0.00653971
1544.41	0.00615176
1544.98	0.0217518
1545.56	0.0157155
1546.14	0.00631753
1546.71	0.0119396
1547.29	0.0107373
1547.87	0.00557609
1548.44	0.00632681
1549.02	0.0072188
1549.6	0.00962056
1550.17	0.0148929
1550.75	0.00595902
1551.33	0.0035024
1551.9	0.00596106
1552.48	0.0128254
1553.06	0.000899964
1553.63	0.00297539
1554.21	0.00615682
1554.79	0.00197593
1555.36	0.00666778
1555.94	0.00310094
1556.52	0.00453369
1557.09	0.0037667
1557.67	0.00416249
1558.25	0.000873692
1558.82	0.0051129
1559.4	0.00366006
1559.98	0.00129802
1560.55	0.00124868
1561.13	0.0101601
1561.71	0.00326789
1562.28	0.00161343
1562.86	0.00475741
1563.44	0.00582174
1564.01	0.0105016
1564.59	0.00501924
1565.17	0.0447988
1565.74	0.00247604
1566.32	0.00615814
1566.9	0.00639622
1567.47	0.00122742
1568.05	0.00306987
1568.63	0.00438157
1569.2	0.00612708
1569.78	0.00809339
1570.36	0.00433079
1570.93	0.0046696
1571.51	0.00913864
1572.09	0.00720964
1572.66	0.0043394
1573.24	0.00652747
1573.82	0.0176423
1574.39	0.0133061
1574.97	0.00596517
1575.55	0.00411669
1576.12	0.00546708
1576.7	0.00793725
1577.28	0.00526413
1577.85	0.00714701
1578.43	0.00749989
1579.01	0.00844945
1579.58	0.00970519
1580.16	0.0022442
1580.74	0.00311813
1581.31	0.00487815
1581.89	0.00789644
1582.47	0.00746799
1583.04	0.00816292
1583.62	0.00709916
1584.2	0.00577757
1584.78	0.0206483
1585.35	0.0169791
1585.93	0.00452142
1586.51	0.00883937
1587.08	0.00366764
1587.66	0.00356256
1588.24	0.00768619
1588.81	0.00909601
1589.39	0.00482805
1589.97	0.0124678
1590.54	0.00365377
1591.12	0.00730499
1591.7	0.00592544
1592.27	0.0036929
1592.85	0.00629237
1593.43	0.00137129
1594	0.00268013
1594.58	0.00849438
1595.16	0.0151012
1595.73	0.0126886
1596.31	0.00157448
1596.89	0.0078676
1597.46	0.0025538
1598.04	0.00550588
1598.62	0.00723568
1599.19	0.00275491
1599.77	0.00702377
1600.35	0.00661829
1600.92	0.00919947
1601.5	0.00825173
1602.08	0.00740374
1602.65	0.0033773
1603.23	0.0151631
1603.81	0.00553453
1604.38	0.00640412
1604.96	0.0220251
1605.54	0.0143106
1606.11	0.00903114
1606.69	0.00449306
1607.27	0.00376722
1607.84	0.00803642
1608.42	0.00319677
1609	0.00475663
1609.57	0.00257126
1610.15	0.0139156
1610.73	0.00502302
1611.3	0.0165556
1611.88	0.00639343
1612.46	0.0147786
1613.03	0.0115487
1613.61	0.0108696
1614.19	0.0104563
1614.76	0.000785699
1615.34	0.00855016
1615.92	0.0336824
1616.49	0.0040646
1617.07	0.00717949
1617.65	0.00933443
1618.22	0.00493056
1618.8	0.00318875
1619.38	0.00882272
1619.95	0.0110441
1620.53	0.00967353
1621.11	0.005722
1621.68	0.0042102
1622.26	0.0106308
1622.84	0.0115403
1623.41	0.00705615
1623.99	0.00905481
1624.57	0.00714014
1625.14	0.0397723
1625.72	0.0180564
1626.3	0.00369207
1626.87	0.0164828
1627.45	0.00319817
1628.03	0.0107424
1628.6	0.00118063
1629.18	0.00862789
1629.76	0.00713341
1630.33	0.000217153
1630.91	0.00530579
1631.49	0.0134985
1632.06	0.00763842
1632.64	0.00441367
1633.22	0.0049491
1633.79	0.0170533
1634.37	0.0120665
1634.95	0.00485478
1635.52	0.00999226
1636.1	0.0178782
1636.68	0.00607595
1637.25	0.0121443
1637.83	0.0014599
1638.41	0.00778043
1638.99	0.00616234
1639.56	0.0133361
1640.14	0.00955629
1640.72	0.00509027
1641.29	0.008279
1641.87	0.0103987
1642.45	0.00173627
1643.02	0.0144828
1643.6	0.0977891
1644.18	0.161926
1644.75	0.910259
1645.33	0.206803
1645.91	0.078021
1646.48	0.0217273
1647.06	0.0215258
1647.64	0.0282378
1648.21	0.0185537
1648.79	0.0254217
1649.37	0.0152209
1649.94	0.0147074
1650.52	0.00727953
1651.1	0.0170767
1651.67	0.0178839
1652.25	0.0100714
1652.83	0.0161978
1653.4	0.0225631
1653.98	0.0233755
1654.56	0.00645957
1655.13	0.016691
1655.71	0.0173366
1656.29	0.0117796
1656.86	0.0116422
1657.44	0.0104155
1658.02	0.00597812
1658.59	0.00915
1659.17	0.0158717
1659.75	0.00580689
1660.32	0.00722467
1660.9	0.00868739
1661.48	0.0017492
1662.05	0.0103778
1662.63	0.00680819
1663.21	0.00698179
1663.78	0.0121388
1664.36	0.0169671
1664.94	0.0497376
1665.51	0.00572174
1666.09	0.0136073
1666.67	0.00485299
1667.24	0.00183078
1667.82	0.00374541
1668.4	0.0135098
1668.97	0.00651195
1669.55	0.00376924
1670.13	0.00611769
1670.7	0.00666097
1671.28	0.0157092
1671.86	0.0174793
1672.43	0.031217
1673.01	0.0205652
1673.59	0.20163
1674.16	0.0925409
1674.74	0.0592458
1675.32	0.0665419
1675.89	0.0400246
1676.47	0.021891
1677.05	0.023228
1677.62	0.0146282
1678.2	0.0156996
1678.78	0.0105348
1679.35	0.0147247
1679.93	0.0163994
1680.51	0.0190843
1681.08	0.01364
1681.66	0.00780974
1682.24	0.0110205
1682.81	0.00572484
1683.39	0.00568028
1683.97	0.0119175
1684.54	0.0252394
1685.12	0.0115523
1685.7	0.0080718
1686.27	0.0096158
1686.85	0.00203405
1687.43	0.00690576
1688	0.00463265
1688.58	0.00888937
1689.16	0.012377
1689.73	0.00232119
1690.31	0.002767
1690.89	0.0027139
1691.46	0.00719981
1692.04	0.00277096
1692.62	0.00444092
1693.19	0.00527006
1693.77	0.035941
1694.35	0.00346725
1694.93	0.0104626
1695.5	0.00392159
1696.08	0.00618878
1696.66	0.00235383
1697.23	0.00684867
1697.81	0.011463
1698.39	0.00501784
1698.96	0.00300885
1699.54	0.00651293
1700.12	0.00254215
1700.69	0.00795148
1701.27	0.0033079
1701.85	0.00600183
1702.42	0.00654255
1703	0.00966597
1703.58	0.00524299
1704.15	0.00445466
1704.73	0.0191796
1705.31	0.0118974
1705.88	0.0019548
1706.46	0.00790154
1707.04	0.00570416
1707.61	0.00463186
1708.19	0.0117814
1708.77	0.00906767
1709.34	0.00726815
1709.92	0.00890737
1710.5	0.00888616
1711.07	0.00257048
1711.65	0.00785068
1712.23	0.00586515
1712.8	0.00443448
1713.38	0.00334022
1713.96	0.00661404
1714.53	0.00959115
1715.11	0.00652252
1715.69	0.00457572
1716.26	0.00493284
1716.84	0.0107158
1717.42	0.00411757
1717.99	0.0105244
1718.57	0.00643294
1719.15	0.00657302
1719.72	0.0115391
1720.3	0.00119841
1720.88	0.00641625
1721.45	0.00974972
1722.03	0.0027136
1722.61	0.00751262
1723.18	0.0084452
1723.76	0.0157121
1724.34	0.0440833
1724.91	0.0400963
1725.49	0.00794605
1726.07	0.011684
1726.64	0.0192337
1727.22	0.00503879
1727.8	0.0119202
1728.37	0.0118779
1728.95	0.010652
1729.53	0.0109534
1730.1	0.0121686
1730.68	0.0127253
1731.26	0.0143925
1731.83	0.00643816
1732.41	0.00977719
1732.99	0.0115079
1733.56	0.0129842
1734.14	0.0145151
1734.72	0.00750721
1735.29	0.00129026
1735.87	0.0137824
1736.45	0.0159751
1737.02	0.0137298
1737.6	0.00917703
1738.18	0.0105389
1738.75	0.0125293
1739.33	0.0098335
1739.91	0.0109554
1740.48	0.0119355
1741.06	0.0154872
1741.64	0.00781841
1742.21	0.0107825
1742.79	0.0189232
1743.37	0.00513037
1743.94	0.0159341
1744.52	0.0605315
1745.1	0.00521565
1745.67	0.0138773
1746.25	0.0124403
1746.83	0.010325
1747.4	0.00835463
1747.98	0.00998193
1748.56	0.00731495
1749.13	0.00666326
1749.71	0.00226343
1750.29	0.0052596
1750.87	0.00484941
1751.44	0.005437
1752.02	0.0101309
1752.6	0.00628349
1753.17	0.00628876
1753.75	0.00161903
1754.33	0.00626957
1754.9	0.00324232
1755.48	0.00113726
1756.06	0.00661486
1756.63	0.00504372
1757.21	0.00870243
1757.79	0.00633681
1758.36	0.00436273
1758.94	0.0077091
1759.52	0.0068338
1760.09	0.0099779
1760.67	0.00338073
1761.25	0.00571695
1761.82	0.00858345
1762.4	0.0125934
1762.98	0.0116596
1763.55	0.00863013
1764.13	0.02808
1764.71	0.0184332
1765.28	0.00975143
1765.86	0.0116985
1766.44	0.00806359
1767.01	0.0059493
1767.59	0.0062658
1768.17	0.00746993
1768.74	0.00578797
1769.32	0.0070708
1769.9	0.00481055
1770.47	0.00919349
1771.05	0.0102227
1771.63	0.0133493
1772.2	0.00658241
1772.78	0.00547777
1773.36	0.00998546
1773.93	0.00606167
1774.51	0.0104123
1775.09	0.00719734
1775.66	0.00583383
1776.24	0.00865317
1776.82	0.00509469
1777.39	0.00127825
1777.97	0.0104923
1778.55	0.00270262
1779.12	0.00500799
1779.7	0.0083907
1780.28	0.00122875
1780.85	0.00481952
1781.43	0.00838651
1782.01	0.00445743
1782.58	0.00597367
1783.16	0.00694291
1783.74	0.00788204
1784.31	0.0415914
1784.89	0.00258083
1785.47	0.00721314
1786.04	0.00907398
1786.62	0.0140187
1787.2	0.0045151
1787.77	0.00838173
1788.35	0.00121899
1788.93	0.00361961
1789.5	0.00506139
1790.08	0.00312795
1790.66	0.0124273
1791.23	0.00250721
1791.81	0.00533282
1792.39	0.00900433
1792.96	0.00362886
1793.54	0.00831939
1794.12	0.0101308
1794.69	0.00677441
1795.27	0.00266942
1795.85	0.00696863
1796.42	0.00493327
1797	0.00560651
1797.58	0.000664155
1798.15	0.00709305
1798.73	0.00407079
1799.31	0.00479915
1799.88	0.0101083
1800.46	0.00310504
1801.04	0.00661442
1801.61	0.00377123
1802.19	0.00920894
1802.77	0.0121869
1803.34	0.0196402
1803.92	0.0557186
1804.5	0.0641072
1805.07	0.0171528
1805.65	0.0134717
1806.23	0.00795381
1806.81	0.0143399
1807.38	0.0126509
1807.96	0.0102785
1808.54	0.000526484
1809.11	0.00784138
1809.69	0.00464877
1810.27	0.00554273
1810.84	0.00752727
1811.42	0.0107935
1812	0.00368703
1812.57	0.0100353
1813.15	0.00861998
1813.73	0.00386205
1814.3	0.00943339
1814.88	0.0101056
1815.46	0.014416
1816.03	0.00918117
1816.61	0.00209335
1817.19	0.0130566
1817.76	0.00941399
1818.34	0.00814012
1818.92	0.00207205
1819.49	0.0045055
1820.07	0.00643105
1820.65	0.0105681
1821.22	0.025656
1821.8	0.0156195
1822.38	0.00630265
1822.95	0.00482224
1823.53	0.00508625
1824.11	0.0301588
1824.68	0.0107932
1825.26	0.0090507
1825.84	0.00776843
1826.41	0.00882682
1826.99	0.0111769
1827.57	0.0241859
1828.14	0.00821297
1828.72	0.00825547
1829.3	0.00517875
1829.87	0.00331397
1830.45	0.00483093
1831.03	0.0167691
1831.6	0.00472749
1832.18	0.0143708
1832.76	0.00610376
1833.33	0.0168519
1833.91	0.00271005
1834.49	0.0103489
1835.06	0.00622312
1835.64	0.00354407
1836.22	0.00893399
1836.79	0.0125597
1837.37	0.008135
1837.95	0.00583339
1838.52	0.00437332
1839.1	0.0117881
1839.68	0.00530678
1840.25	0.00615158
1840.83	0.0120895
1841.41	0.00643931
1841.98	0.0035624
1842.56	0.00634783
1843.14	0.00300556
1843.71	0.00477066
1844.29	0.0393091
1844.87	0.0102964
1845.44	0.00862749
1846.02	0.000927944
1846.6	0.0100624
1847.17	0.00619933
1847.75	0.0136965
1848.33	0.0112685
1848.9	0.00542611
1849.48	0.00884554
1850.06	0.00377507
1850.63	0.00946732
1851.21	0.00767441
1851.79	0.00604626
1852.36	0.00970169
1852.94	0.0121333
1853.52	0.00740061
1854.09	0.00296921
1854.67	0.00506572
1855.25	0.0294739
1855.82	0.00993769
1856.4	0.0111593
1856.98	0.0142939
1857.55	0.0157153
1858.13	0.00870771
1858.71	0.00934549
1859.28	0.0211175
1859.86	0.0128619
1860.44	0.00832769
1861.01	0.0183518
1861.59	0.0211123
1862.17	0.0135105
1862.75	0.0161605
1863.32	0.0133517
1863.9	0.0179903
1864.48	0.026792
1865.05	0.0210033
1865.63	0.0194407
1866.21	0.0228595
1866.78	0.0269507
1867.36	0.0276646
1867.94	0.025458
1868.51	0.0153019
1869.09	0.025717
1869.67	0.0242343
1870.24	0.0274439
1870.82	0.0238653
1871.4	0.0387357
1871.97	0.0396026
1872.55	0.0347464
1873.13	0.0447497
1873.7	0.0359784
1874.28	0.0366179
1874.86	0.0369239
1875.43	0.0433603
1876.01	0.0548103
1876.59	0.0677191
1877.16	0.0667359
1877.74	0.0648219
1878.32	0.074555
1878.89	0.0920046
1879.47	0.0924388
1880.05	0.105237
1880.62	0.139822
1881.2	0.139979
1881.78	0.209115
1882.35	0.320201
1882.93	0.388441
1883.51	0.732226
1884.08	2.52048
1884.66	0.38584
1885.24	0.234972
1885.81	0.197305
1886.39	0.161671
1886.97	0.108661
1887.54	0.101819
1888.12	0.0759834
1888.7	0.0709436
1889.27	0.0677374
1889.85	0.0548584
1890.43	0.0332988
1891	0.0376285
1891.58	0.0389361
1892.16	0.0285877
1892.73	0.0264719
1893.31	0.0311464
1893.89	0.0228476
1894.46	0.0244561
1895.04	0.0169029
1895.62	0.0208059
1896.19	0.0140766
1896.77	0.0181104
1897.35	0.0119286
1897.92	0.00984301
1898.5	0.00874173
1899.08	0.00456854
1899.65	0.00565025
1900.23	0.00805049
1900.81	0.0070307
1901.38	0.00874571
1901.96	0.001753
1902.54	0.00624852
1903.11	0.0163628
1903.69	0.0369798
1904.27	0.00621528
1904.84	0.00852848
1905.42	0.0125886
1906	0.00375384
1906.57	0.00763218
1907.15	0.00655608
1907.73	0.0108891
1908.3	0.0059006
1908.88	0.00703405
1909.46	0.00973742
1910.03	0.0137614
1910.61	0.00385645
1911.19	0.0149628
1911.76	0.0128814
1912.34	0.0268509
1912.92	0.106751
1913.49	0.00762011
1914.07	0.00898751
1914.65	0.0194739
1915.22	0.0162963
1915.8	0.0158825
1916.38	0.0122084
1916.96	0.0140493
1917.53	0.0147793
1918.11	0.00634507
1918.69	0.0207443
1919.26	0.00736389
1919.84	0.00718237
1920.42	0.010147
1920.99	0.0252924
1921.57	0.0247343
1922.15	0.0158321
1922.72	0.0127177
1923.3	0.0132377
1923.88	0.0427624
1924.45	0.018066
1925.03	0.00869598
1925.61	0.014558
1926.18	0.0154377
1926.76	0.0166096
1927.34	0.0115331
1927.91	0.0134987
1928.49	0.0146881
1929.07	0.0185014
1929.64	0.0142345
1930.22	0.017612
1930.8	0.0128554
1931.37	0.00911868
1931.95	0.0220701
1932.53	0.0354426
1933.1	0.00363445
1933.68	0.00275451
1934.26	0.00555297
1934.83	0.00877694
1935.41	0.0151956
1935.99	0.0112902
1936.56	0.0179398
1937.14	0.0118037
1937.72	0.0125208
1938.29	0.00672328
1938.87	0.0207883
1939.45	0.0195162
1940.02	0.0147211
1940.6	0.0103636
1941.18	0.0126444
1941.75	0.000617639
1942.33	0.00372479
1942.91	0.00106398
1943.48	0.0117675
1944.06	0.0255653
1944.64	0.0193867
1945.21	0.014747
1945.79	0.0152474
1946.37	0.0086006
1946.94	0.0201334
1947.52	0.0132021
1948.1	0.00931095
1948.67	0.00998249
1949.25	0.0134599
1949.83	0.0117407
1950.4	0.0182301
1950.98	0.0131903
1951.56	0.0175058
1952.13	0.0128909
1952.71	0.00889806
1953.29	0.0122884
1953.86	0.0096686
1954.44	0.00640594
1955.02	0.0129313
1955.59	0.00889289
1956.17	0.00634554
1956.75	0.00123182
1957.32	0.0147046
1957.9	0.00251382
1958.48	0.0102185
1959.05	0.00740147
1959.63	0.00914833
1960.21	0.00920871
1960.78	0.0071361
1961.36	0.0081596
1961.94	0.00605718
1962.51	0.00953168
1963.09	0.0140586
1963.67	0.107677
1964.24	0.0166394
1964.82	0.0113426
1965.4	0.00539112
1965.97	0.0078895
1966.55	0.00635334
1967.13	0.00320233
1967.7	0.00262786
1968.28	0.00594224
1968.86	0.00455745
1969.43	0.00576689
1970.01	0.0140958
1970.59	0.00710657
1971.16	0.00710591
1971.74	0.00750908
1972.32	0.00626847
1972.9	0.0133196
1973.47	0.0038542
1974.05	0.01011
1974.63	0.00659967
1975.2	0.00930737
1975.78	0.0109159
1976.36	0.00620991
1976.93	0.0113363
1977.51	0.0100638
1978.09	0.00544252
1978.66	0.0124473
1979.24	0.0144444
1979.82	0.00629993
1980.39	0.0151218
1980.97	0.00830533
1981.55	0.00275819
1982.12	0.0270786
1982.7	0.0318641
1983.28	0.0546842
1983.85	0.0541719
1984.43	0.0179036
1985.01	0.0146641
1985.58	0.0115858
1986.16	0.00716572
1986.74	0.0140125
1987.31	0.0125619
1987.89	0.00916217
1988.47	0.0148598
1989.04	0.017115
1989.62	0.0179416
1990.2	0.0190824
1990.77	0.00985648
1991.35	0.0165777
1991.93	0.0164773
1992.5	0.0223358
1993.08	0.0225175
1993.66	0.0174353
1994.23	0.0161526
1994.81	0.0168603
1995.39	0.0146936
1995.96	0.0234094
1996.54	0.023683
1997.12	0.0211453
1997.69	0.0240673
1998.27	0.0200019
1998.85	0.0110343
1999.42	0.0272263
2000	0.0239931
2000.58	0.0173261
2001.15	0.0178678
2001.73	0.0197806
2002.31	0.0338032
2002.88	0.0220989
2003.46	0.0324737
2004.04	0.0451724
2004.61	0.0267977
2005.19	0.0310674
2005.77	0.02845
2006.34	0.0273109
2006.92	0.0342703
2007.5	0.0194244
2008.07	0.0298212
2008.65	0.027173
2009.23	0.0258957
2009.8	0.0305511
2010.38	0.0345479
2010.96	0.0277022
2011.53	0.0315843
2012.11	0.0325327
2012.69	0.0263017
2013.26	0.0319677
2013.84	0.0256808
2014.42	0.0298447
2014.99	0.0346507
2015.57	0.0270157
2016.15	0.0314791
2016.72	0.0286433
2017.3	0.0273645
2017.88	0.027175
2018.45	0.0310915
2019.03	0.0319813
2019.61	0.0232506
2020.18	0.0269722
2020.76	0.0310183
2021.34	0.0274205
2021.91	0.0377219
2022.49	0.0249125
2023.07	0.0173414
2023.64	0.0491528
2024.22	0.029036
2024.8	0.0265613
2025.37	0.0344795
2025.95	0.0338534
2026.53	0.0264353
2027.1	0.0335353
2027.68	0.0336767
2028.26	0.0277942
2028.84	0.0387891
2029.41	0.0392309
2029.99	0.0371715
2030.57	0.0288215
2031.14	0.032361
2031.72	0.0285305
2032.3	0.0251327
2032.87	0.0312996
2033.45	0.0294682
2034.03	0.0283576
2034.6	0.0280073
2035.18	0.0263726
2035.76	0.0351936
2036.33	0.0299371
2036.91	0.0299298
2037.49	0.0325576
2038.06	0.0245349
2038.64	0.0309534
2039.22	0.0317023
2039.79	0.033493
2040.37	0.0286715
2040.95	0.0304513
2041.52	0.0338501
2042.1	0.0324038
2042.68	0.0333454
2043.25	0.0701481
2043.83	0.0112219
2044.41	0.0175804
2044.98	0.0190427
2045.56	0.0176283
2046.14	0.0197771
2046.71	0.0306798
2047.29	0.0239884
2047.87	0.0191213
2048.44	0.027811
2049.02	0.0194185
2049.6	0.0149652
2050.17	0.0230568
2050.75	0.0189957
2051.33	0.0234855
2051.9	0.0150831
2052.48	0.0279512
2053.06	0.0216933
2053.63	0.0155526
2054.21	0.0133422
2054.79	0.0171208
2055.36	0.0124566
2055.94	0.0153734
2056.52	0.0206885
2057.09	0.014853
2057.67	0.0192177
2058.25	0.0205383
2058.82	0.0248236
2059.4	0.0194593
2059.98	0.0198516
2060.55	0.00927368
2061.13	0.0190665
2061.71	0.013423
2062.28	0.0236072
2062.86	0.0279408
2063.44	0.0361905
2064.01	0.00622576
2064.59	0.00829625
2065.17	0.0175305
2065.74	0.00983771
2066.32	0.0196868
2066.9	0.0207281
2067.47	0.0207162
2068.05	0.0164821
2068.63	0.0181973
2069.2	0.0166696
2069.78	0.0072839
2070.36	0.0198352
2070.93	0.0218508
2071.51	0.0219452
2072.09	0.0352763
2072.66	0.0243765
2073.24	0.0241613
2073.82	0.0273447
2074.39	0.00162418
2074.97	0.0278278
2075.55	0.0294691
2076.12	0.0256323
2076.7	0.0194947
2077.28	0.0180492
2077.85	0.0231738
2078.43	0.0171978
2079.01	0.0182745
2079.58	0.0213067
2080.16	0.0287581
2080.74	0.0277123
2081.31	0.0321084
2081.89	0.0145373
2082.47	0.0285745
2083.04	0.0788126
2083.62	0.0386283
2084.2	0.0281863
2084.78	0.0309771
2085.35	0.0227908
2085.93	0.0202812
2086.51	0.0245181
2087.08	0.020475
2087.66	0.0288521
2088.24	0.0254456
2088.81	0.0243847
2089.39	0.0276051
2089.97	0.0283174
2090.54	0.028682
2091.12	0.0189531
2091.7	0.0204891
2092.27	0.0237099
2092.85	0.0249518
2093.43	0.0251038
2094	0.014178
2094.58	0.0166304
2095.16	0.0143895
2095.73	0.0286724
2096.31	0.0205916
2096.89	0.00904496
2097.46	0.0152457
2098.04	0.015426
2098.62	0.00966278
2099.19	0.00871017
2099.77	0.00172538
2100.35	0.00886569
2100.92	0.0043515
2101.5	0.00745209
2102.08	0.0104274
2102.65	0.0260136
2103.23	0.156365
2103.81	0.0226699
2104.38	0.0122865
2104.96	0.0143682
2105.54	0.016468
2106.11	0.0255327
2106.69	0.0295299
2107.27	0.0263755
2107.84	0.028606
2108.42	0.0356536
2109	0.0522967
2109.57	0.0456829
2110.15	0.0554956
2110.73	0.0557545
2111.3	0.0665667
2111.88	0.0860132
2112.46	0.0877182
2113.03	0.0971871
2113.61	0.105992
2114.19	0.108688
2114.76	0.125446
2115.34	0.146438
2115.92	0.170329
2116.49	0.199898
2117.07	0.185395
2117.65	0.235367
2118.22	0.287807
2118.8	0.33944
2119.38	0.376181
2119.95	0.499408
2120.53	0.573579
2121.11	0.811699
2121.68	1.32884
2122.26	2.2103
2122.84	7.58247
2123.41	4.9389
2123.99	1.7502
2124.57	1.02556
2125.14	0.812281
2125.72	0.681132
2126.3	0.547392
2126.87	0.486502
2127.45	0.413049
2128.03	0.359703
2128.6	0.345235
2129.18	0.328305
2129.76	0.2834
2130.33	0.249514
2130.91	0.246582
2131.49	0.222715
2132.06	0.19958
2132.64	0.199198
2133.22	0.201001
2133.79	0.183872
2134.37	0.17456
2134.95	0.175391
2135.52	0.156619
2136.1	0.149441
2136.68	0.143372
2137.25	0.132467
2137.83	0.127594
2138.41	0.11913
2138.99	0.114509
2139.56	0.111714
2140.14	0.104468
2140.72	0.112042
2141.29	0.091164
2141.87	0.0883526
2142.45	0.089046
2143.02	0.11891
2143.6	0.0808345
2144.18	0.0787853
2144.75	0.0704625
2145.33	0.0665747
2145.91	0.063283
2146.48	0.0549305
2147.06	0.0502323
2147.64	0.0451442
2148.21	0.0486143
2148.79	0.0470349
2149.37	0.0425321
2149.94	0.0404033
2150.52	0.0248112
2151.1	0.0312664
2151.67	0.0619563
2152.25	0.111098
2152.83	0.0643479
2153.4	0.0610015
2153.98	0.0386923
2154.56	0.0258113
2155.13	0.0325553
2155.71	0.0208732
2156.29	0.0266403
2156.86	0.0308373
2157.44	0.0240183
2158.02	0.0256576
2158.59	0.0189798
2159.17	0.0239485
2159.75	0.0290901
2160.32	0.0273418
2160.9	0.0275438
2161.48	0.0496745
2162.05	0.0458307
2162.63	0.0746415
2163.21	0.0829495
2163.78	0.0388584
2164.36	0.0236598
2164.94	0.0473611
2165.51	0.0412524
2166.09	0.048199
2166.67	0.0512809
2167.24	0.0541579
2167.82	0.0577231
2168.4	0.0550841
2168.97	0.0641111
2169.55	0.0668426
2170.13	0.0617213
2170.7	0.0731484
2171.28	0.0683692
2171.86	0.0573094
2172.43	0.0731828
2173.01	0.0710379
2173.59	0.0764223
2174.16	0.0740098
2174.74	0.0771017
2175.32	0.0819581
2175.89	0.0861174
2176.47	0.0859082
2177.05	0.0875979
2177.62	0.0913494
2178.2	0.0918023
2178.78	0.0875102
2179.35	0.0858982
2179.93	0.0844725
2180.51	0.0953678
2181.08	0.0865244
2181.66	0.0937056
2182.24	0.101895
2182.81	0.0875819
2183.39	0.106451
2183.97	0.0941503
2184.54	0.11321
2185.12	0.115587
2185.7	0.104583
2186.27	0.104031
2186.85	0.107702
2187.43	0.111879
2188	0.113228
2188.58	0.114218
2189.16	0.119114
2189.73	0.107166
2190.31	0.114566
2190.89	0.117927
2191.46	0.118791
2192.04	0.116949
2192.62	0.116664
2193.19	0.115895
2193.77	0.116229
2194.35	0.11487
2194.93	0.115785
2195.5	0.116299
2196.08	0.123317
2196.66	0.116672
2197.23	0.11551
2197.81	0.128173
2198.39	0.123408
2198.96	0.126075
2199.54	0.117205
2200.12	0.127288
2200.69	0.130565
2201.27	0.130607
2201.85	0.148068
2202.42	0.186324
2203	0.126534
2203.58	0.100419
2204.15	0.103594
2204.73	0.113877
2205.31	0.111618
2205.88	0.107076
2206.46	0.105995
2207.04	0.103674
2207.61	0.117829
2208.19	0.108295
2208.77	0.115245
2209.34	0.103369
2209.92	0.102911
2210.5	0.113212
2211.07	0.1028
2211.65	0.103572
2212.23	0.109486
2212.8	0.103659
2213.38	0.111279
2213.96	0.107815
2214.53	0.10108
2215.11	0.106772
2215.69	0.0961897
2216.26	0.10061
2216.84	0.0980119
2217.42	0.0985354
2217.99	0.0991457
2218.57	0.0979873
2219.15	0.0983142
2219.72	0.0943139
2220.3	0.0995923
2220.88	0.0891419
2221.45	0.0824462
2222.03	0.09447
2222.61	0.140385
2223.18	0.0773841
2223.76	0.0704828
2224.34	0.0882189
2224.91	0.0862391
2225.49	0.0763778
2226.07	0.0759448
2226.64	0.0772177
2227.22	0.0765482
2227.8	0.0718855
2228.37	0.0783426
2228.95	0.0741468
2229.53	0.0660274
2230.1	0.0720369
2230.68	0.0713472
2231.26	0.0712776
2231.83	0.070685
2232.41	0.0658878
2232.99	0.070945
2233.56	0.05891
2234.14	0.0576762
2234.72	0.0612043
2235.29	0.0629729
2235.87	0.0585355
2236.45	0.0536115
2237.02	0.0604509
2237.6	0.0544958
2238.18	0.049171
2238.75	0.0531332
2239.33	0.0503056
2239.91	0.0520644
2240.48	0.0532846
2241.06	0.0774924
2241.64	0.0486932
2242.21	0.0434061
2242.79	0.0416246
2243.37	0.0326933
2243.94	0.0296742
2244.52	0.0379442
2245.1	0.045846
2245.67	0.0420606
2246.25	0.0409553
2246.83	0.0316695
2247.4	0.0386129
2247.98	0.0461518
2248.56	0.0386059
2249.13	0.0322399
2249.71	0.0315529
2250.29	0.0385361
2250.87	0.0334934
2251.44	0.017716
2252.02	0.0465584
2252.6	0.0355359
2253.17	0.0289473
2253.75	0.0391421
2254.33	0.0455422
2254.9	0.0454488
2255.48	0.0335688
2256.06	0.0329468
2256.63	0.0410732
2257.21	0.0310361
2257.79	0.0361769
2258.36	0.0357094
2258.94	0.0336469
2259.52	0.0409357
2260.09	0.044055
2260.67	0.048604
2261.25	0.0465026
2261.82	0.0529946
2262.4	0.0793919
2262.98	0.0335041
2263.55	0.0387393
2264.13	0.0366875
2264.71	0.0426946
2265.28	0.0490727
2265.86	0.0430641
2266.44	0.0444551
2267.01	0.0398328
2267.59	0.0352364
2268.17	0.0445843
2268.74	0.0352656
2269.32	0.0358404
2269.9	0.0449092
2270.47	0.0448846
2271.05	0.04659
2271.63	0.0435048
2272.2	0.0491146
2272.78	0.0484673
2273.36	0.0417897
2273.93	0.0495259
2274.51	0.049045
2275.09	0.0450977
2275.66	0.0483261
2276.24	0.0532966
2276.82	0.0467202
2277.39	0.0441672
2277.97	0.0462385
2278.55	0.0482305
2279.12	0.0421542
2279.7	0.067773
2280.28	0.0442137
2280.85	0.0391532
2281.43	0.0555807
2282.01	0.0540525
2282.58	0.106048
2283.16	0.0421401
2283.74	0.0332885
2284.31	0.0431112
2284.89	0.0441045
2285.47	0.0499241
2286.04	0.0561827
2286.62	0.0500411
2287.2	0.0428396
2287.77	0.048325
2288.35	0.0509168
2288.93	0.0504733
2289.5	0.0436753
2290.08	0.0501608
2290.66	0.0438996
2291.23	0.0642852
2291.81	0.0395072
2292.39	0.0429909
2292.96	0.0271988
2293.54	0.0467356
2294.12	0.0464679
2294.69	0.0488514
2295.27	0.0409294
2295.85	0.0449441
2296.42	0.052141
2297	0.0408165
2297.58	0.0430187
2298.15	0.0463458
2298.73	0.0424601
2299.31	0.0354327
2299.88	0.0415938
2300.46	0.0461042
2301.04	0.0397373
2301.61	0.013277
2302.19	0.0787366
2302.77	0.117093
2303.34	0.0721536
2303.92	0.0693097
2304.5	0.0632398
2305.07	0.0682983
2305.65	0.0625732
2306.23	0.0433775
2306.81	0.0450522
2307.38	0.052295
2307.96	0.0503989
2308.54	0.0537764
2309.11	0.0410782
2309.69	0.050958
2310.27	0.051643
2310.84	0.0523911
2311.42	0.0511982
2312	0.116914
2312.57	0.0478674
2313.15	0.0576422
2313.73	0.04515
2314.3	0.0447072
2314.88	0.0560368
2315.46	0.051727
2316.03	0.0470042
2316.61	0.0600377
2317.19	0.0596515
2317.76	0.0562091
2318.34	0.0551314
2318.92	0.0573045
2319.49	0.0553923
2320.07	0.0575345
2320.65	0.071292
2321.22	0.103499
2321.8	0.0667824
2322.38	0.068475
2322.95	0.0648091
2323.53	0.0824529
2324.11	0.0638572
2324.68	0.0728452
2325.26	0.0633796
2325.84	0.0720938
2326.41	0.0669882
2326.99	0.0649112
2327.57	0.0698991
2328.14	0.0689109
2328.72	0.0739036
2329.3	0.0711031
2329.87	0.0794886
2330.45	0.076026
2331.03	0.0967721
2331.6	0.0944626
2332.18	0.0877358
2332.76	0.0839191
2333.33	0.0152664
2333.91	0.0848056
2334.49	0.0775849
2335.06	0.07605
2335.64	0.0839806
2336.22	0.0831627
2336.79	0.091578
2337.37	0.0777276
2337.95	0.0896904
2338.52	0.0880021
2339.1	0.0959368
2339.68	0.0872217
2340.25	0.09107
2340.83	0.111605
2341.41	0.105654
2341.98	0.149892
2342.56	0.141605
2343.14	0.114768
2343.71	0.0953179
2344.29	0.114558
2344.87	0.110751
2345.44	0.112038
2346.02	0.120646
2346.6	0.123522
2347.17	0.132515
2347.75	0.133231
2348.33	0.124191
2348.9	0.146508
2349.48	0.149234
2350.06	0.159163
2350.63	0.164404
2351.21	0.181448
2351.79	0.191912
2352.36	0.196243
2352.94	0.20503
2353.52	0.202669
2354.09	0.219935
2354.67	0.237084
2355.25	0.260804
2355.82	0.287055
2356.4	0.295235
2356.98	0.320836
2357.55	0.369877
2358.13	0.431267
2358.71	0.486395
2359.28	0.597066
2359.86	0.729492
2360.44	0.954184
2361.01	1.44753
2361.59	2.8877
