0	919.394
0.576701	0.103238
1.1534	0.0674617
1.7301	0.0351917
2.30681	0.041609
2.88351	0.064522
3.46021	0.031268
4.03691	0.0247186
4.61361	0.0137498
5.19031	0.0361789
5.76701	0.0437498
6.34371	0.026061
6.92042	0.0276936
7.49712	0.0499808
8.07382	0.069057
8.65052	0.0256977
9.22722	0.0419159
9.80392	0.0734175
10.3806	0.0537189
10.9573	0.0236656
11.534	0.0563108
12.1107	0.0708235
12.6874	0.0420009
13.2641	0.0642756
13.8408	0.0428974
14.4175	0.0559065
14.9942	0.0550411
15.5709	0.0496088
16.1476	0.0634052
16.7243	0.0525698
17.301	0.0313277
17.8777	0.0547046
18.4544	0.0366552
19.0311	0.0374127
19.6078	0.0293814
20.1845	0.0253678
20.7612	0.0586316
21.3379	0.0719422
21.9146	0.0595888
22.4913	0.0448034
23.0681	0.123047
23.6448	0.0276301
24.2215	0.0213012
24.7982	0.00953882
25.3749	0.0658023
25.9516	0.0477386
26.5283	0.074081
27.105	0.0586515
27.6817	0.0533364
28.2584	0.0496418
28.8351	0.0468046
29.4118	0.0492761
29.9885	0.0490663
30.5652	0.0512411
31.1419	0.0713833
31.7186	0.0445555
32.2953	0.0501206
32.872	0.0548785
33.4487	0.0544298
34.0254	0.0781608
34.6021	0.0501555
35.1788	0.042879
35.7555	0.0420388
36.3322	0.0471652
36.9089	0.0564684
37.4856	0.0440681
38.0623	0.0699591
38.639	0.0528264
39.2157	0.0666924
39.7924	0.0523594
40.3691	0.0755832
40.9458	0.0756107
41.5225	0.0462865
42.0992	0.0719735
42.6759	0.0770495
43.2526	0.0753957
43.8293	0.0761697
44.406	0.0803774
44.9827	0.128903
45.5594	0.10979
46.1361	0.308287
46.7128	0.142307
47.2895	0.0563363
47.8662	0.141196
48.4429	0.091845
49.0196	0.0713686
49.5963	0.0385862
50.173	0.0633559
50.7497	0.0556591
51.3264	0.0304274
51.9031	0.0436115
52.4798	0.040999
53.0565	0.0236539
53.6332	0.0450783
54.2099	0.0266643
54.7866	0.0312019
55.3633	0.0273674
55.94	0.0274183
56.5167	0.0534291
57.0934	0.0404105
57.6701	0.0380991
58.2468	0.0463803
58.8235	0.037921
59.4002	0.0573571
59.9769	0.0318602
60.5536	0.0504665
61.1303	0.0367617
61.707	0.0473795
62.2837	0.0434207
62.8604	0.031896
63.4371	0.0488863
64.0138	0.0415167
64.5905	0.0416286
65.1672	0.0429589
65.7439	0.0345757
66.3206	0.0688173
66.8973	0.0252112
67.474	0.065462
68.0507	0.108283
68.6275	0.100612
69.2042	0.203756
69.7809	0.229918
70.3576	0.116861
70.9343	0.0625611
71.511	0.0483663
72.0877	0.0615897
72.6644	0.0693078
73.2411	0.0155528
73.8178	0.0307801
74.3945	0.0272181
74.9712	0.042661
75.5479	0.0359042
76.1246	0.0439045
76.7013	0.0561053
77.278	0.0303001
77.8547	0.0421664
78.4314	0.0521536
79.0081	0.0326337
79.5848	0.0458965
80.1615	0.0563936
80.7382	0.0496312
81.3149	0.059179
81.8916	0.0534861
82.4683	0.0625753
83.045	0.0489487
83.6217	0.058528
84.1984	0.0516359
84.7751	0.0555379
85.3518	0.0404278
85.9285	0.0631401
86.5052	0.0695982
87.0819	0.0793015
87.6586	0.0662995
88.2353	0.0540589
88.812	0.0603647
89.3887	0.0500409
89.9654	0.0548415
90.5421	0.0933006
91.1188	0.0734244
91.6955	0.108659
92.2722	0.161453
92.8489	0.372606
93.4256	0.0847233
94.0023	0.0643872
94.579	0.0379323
95.1557	0.038696
95.7324	0.0602593
96.3091	0.0965291
96.8858	0.0509249
97.4625	0.056771
98.0392	0.0738492
98.6159	0.0547004
99.1926	0.057533
99.7693	0.0724081
100.346	0.0488306
100.923	0.046739
101.499	0.0476283
102.076	0.0553322
102.653	0.0760729
103.23	0.059748
103.806	0.0582005
104.383	0.0658326
104.96	0.0752481
105.536	0.0632609
106.113	0.0617399
106.69	0.0614684
107.266	0.0690575
107.843	0.0674193
108.42	0.0592012
108.997	0.0721568
109.573	0.0725111
110.15	0.0639886
110.727	0.0632007
111.303	0.0406575
111.88	0.0753284
112.457	0.0474394
113.033	0.0846102
113.61	0.0475201
114.187	0.0216701
114.764	0.0521328
115.34	0.053666
115.917	0.150657
116.494	0.0888553
117.07	0.05138
117.647	0.0893862
118.224	0.0299035
118.8	0.040463
119.377	0.022737
119.954	0.0596057
120.531	0.0437422
121.107	0.0500391
121.684	0.0215016
122.261	0.0532398
122.837	0.0267417
123.414	0.0332102
123.991	0.0280825
124.567	0.0388735
125.144	0.0352589
125.721	0.0460513
126.298	0.0433062
126.874	0.0477268
127.451	0.034084
128.028	0.0555643
128.604	0.034677
129.181	0.0639708
129.758	0.0580653
130.334	0.0641657
130.911	0.0730574
131.488	0.0608339
132.065	0.0790105
132.641	0.0532038
133.218	0.0335248
133.795	0.062209
134.371	0.0607151
134.948	0.148551
135.525	0.0615373
136.101	0.120595
136.678	0.107574
137.255	0.0453138
137.832	0.240327
138.408	0.250928
138.985	0.300743
139.562	0.223034
140.138	0.182172
140.715	0.0971919
141.292	0.0994272
141.869	0.121488
142.445	0.131695
143.022	0.120288
143.599	0.0742791
144.175	0.112451
144.752	0.0975199
145.329	0.166212
145.905	0.123759
146.482	0.122178
147.059	0.131945
147.636	0.13112
148.212	0.187039
148.789	0.143949
149.366	0.136226
149.942	0.152274
150.519	0.182947
151.096	0.156321
151.672	0.165872
152.249	0.174783
152.826	0.169052
153.403	0.144558
153.979	0.207301
154.556	0.185375
155.133	0.17104
155.709	0.167098
156.286	0.181979
156.863	0.173601
157.439	0.162681
158.016	0.153737
158.593	0.180172
159.17	0.258614
159.746	0.2043
160.323	0.219026
160.9	0.239788
161.476	0.256346
162.053	0.289986
162.63	0.14818
163.206	0.184974
163.783	0.23099
164.36	0.20168
164.937	0.169212
165.513	0.242062
166.09	0.205717
166.667	0.222558
167.243	0.219516
167.82	0.214091
168.397	0.236128
168.973	0.228088
169.55	0.242887
170.127	0.235231
170.704	0.23466
171.28	0.273629
171.857	0.240576
172.434	0.2424
173.01	0.26542
173.587	0.257772
174.164	0.248666
174.74	0.261119
175.317	0.278891
175.894	0.282451
176.471	0.277213
177.047	0.269228
177.624	0.287051
178.201	0.2989
178.777	0.280208
179.354	0.267618
179.931	0.266957
180.507	0.287484
181.084	0.274192
181.661	0.266646
182.238	0.304628
182.814	0.274271
183.391	0.292199
183.968	0.245751
184.544	0.242368
185.121	0.30786
185.698	0.482071
186.275	0.325615
186.851	0.320302
187.428	0.285111
188.005	0.300768
188.581	0.278784
189.158	0.313708
189.735	0.296695
190.311	0.283255
190.888	0.291951
191.465	0.278145
192.042	0.286542
192.618	0.281157
193.195	0.275158
193.772	0.29048
194.348	0.282736
194.925	0.276877
195.502	0.276523
196.078	0.29403
196.655	0.273954
197.232	0.289755
197.809	0.267661
198.385	0.270573
198.962	0.284782
199.539	0.273995
200.115	0.277913
200.692	0.265342
201.269	0.254631
201.845	0.273448
202.422	0.255006
202.999	0.273261
203.576	0.258783
204.152	0.261395
204.729	0.277139
205.306	0.241561
205.882	0.265947
206.459	0.254861
207.036	0.251203
207.612	0.271169
208.189	0.279289
208.766	0.311476
209.343	0.27007
209.919	0.262439
210.496	0.253327
211.073	0.26174
211.649	0.250692
212.226	0.265511
212.803	0.219313
213.379	0.256428
213.956	0.21497
214.533	0.270141
215.11	0.233198
215.686	0.235435
216.263	0.23177
216.84	0.22674
217.416	0.2338
217.993	0.230112
218.57	0.202995
219.146	0.238053
219.723	0.196682
220.3	0.218263
220.877	0.210872
221.453	0.203054
222.03	0.210327
222.607	0.213684
223.183	0.198662
223.76	0.197261
224.337	0.186377
224.913	0.186128
225.49	0.179336
226.067	0.204501
226.644	0.170715
227.22	0.205131
227.797	0.15234
228.374	0.188606
228.95	0.190506
229.527	0.164798
230.104	0.210362
230.681	0.170177
231.257	0.218108
231.834	0.211798
232.411	0.165021
232.987	0.224782
233.564	0.167941
234.141	0.19142
234.717	0.17418
235.294	0.186923
235.871	0.173712
236.448	0.176939
237.024	0.194305
237.601	0.209956
238.178	0.166399
238.754	0.225103
239.331	0.166375
239.908	0.215969
240.484	0.191527
241.061	0.197431
241.638	0.194376
242.215	0.197238
242.791	0.18925
243.368	0.203522
243.945	0.199668
244.521	0.214776
245.098	0.223493
245.675	0.216338
246.251	0.201899
246.828	0.242439
247.405	0.168651
247.982	0.238571
248.558	0.183902
249.135	0.204386
249.712	0.220644
250.288	0.200382
250.865	0.218372
251.442	0.200784
252.018	0.185891
252.595	0.25309
253.172	0.183514
253.749	0.229247
254.325	0.158507
254.902	0.292302
255.479	0.197589
256.055	0.163091
256.632	0.221094
257.209	0.214973
257.785	0.157421
258.362	0.218905
258.939	0.100436
259.516	0.218533
260.092	0.151211
260.669	0.166394
261.246	0.134839
261.822	0.143919
262.399	0.154672
262.976	0.152724
263.552	0.0906274
264.129	0.195422
264.706	0.0420702
265.283	0.142152
265.859	0.0892453
266.436	0.130738
267.013	0.0326429
267.589	0.138331
268.166	0.0629609
268.743	0.102846
269.319	0.0417953
269.896	0.11572
270.473	0.018941
271.05	0.119024
271.626	0.111999
272.203	0.195304
272.78	0.266731
273.356	0.0852038
273.933	0.283407
274.51	0.228498
275.087	0.132172
275.663	0.576625
276.24	1.28483
276.817	1.76259
277.393	5.3252
277.97	30.4279
278.547	6.36533
279.123	1.9968
279.7	1.59357
280.277	1.23727
280.854	0.652446
281.43	0.921308
282.007	0.811233
282.584	0.576464
283.16	0.763548
283.737	0.361946
284.314	0.687604
284.89	0.510217
285.467	0.562003
286.044	0.510165
286.621	0.551624
287.197	0.448795
287.774	0.468046
288.351	0.413353
288.927	0.498885
289.504	0.39041
290.081	0.456266
290.657	0.389006
291.234	0.443318
291.811	0.346659
292.388	0.42365
292.964	0.328613
293.541	0.373668
294.118	0.334182
294.694	0.341469
295.271	0.3199
295.848	0.30612
296.424	0.284076
297.001	0.334098
297.578	0.252261
298.155	0.303932
298.731	0.22846
299.308	0.261414
299.885	0.242374
300.461	0.171143
301.038	0.192172
301.615	0.358041
302.191	0.20498
302.768	0.251567
303.345	0.169388
303.922	0.260077
304.498	0.214279
305.075	0.199274
305.652	0.207202
306.228	0.187079
306.805	0.172254
307.382	0.183692
307.958	0.144005
308.535	0.21151
309.112	0.137721
309.689	0.170697
310.265	0.15641
310.842	0.14882
311.419	0.147435
311.995	0.120674
312.572	0.150003
313.149	0.173682
313.725	0.130754
314.302	0.147717
314.879	0.132937
315.456	0.128106
316.032	0.111583
316.609	0.126395
317.186	0.0982511
317.762	0.113063
318.339	0.104732
318.916	0.090341
319.493	0.114493
320.069	0.0785431
320.646	0.106278
321.223	0.0743988
321.799	0.0502905
322.376	0.0785217
322.953	0.0685619
323.529	0.0835747
324.106	0.0880592
324.683	0.0649522
325.26	0.0671978
325.836	0.0162524
326.413	0.0540295
326.99	0.0530149
327.566	0.0302124
328.143	0.0296559
328.72	0.051426
329.296	0.0121149
329.873	0.0489734
330.45	0.0218744
331.027	0.0466726
331.603	0.0327196
332.18	0.0551873
332.757	0.0292856
333.333	0.0493576
333.91	0.0486573
334.487	0.0745481
335.063	0.0471849
335.64	0.0601663
336.217	0.0480134
336.794	0.0859768
337.37	0.0582267
337.947	0.0628016
338.524	0.0684228
339.1	0.0723796
339.677	0.0736754
340.254	0.0900567
340.83	0.0924106
341.407	0.0823852
341.984	0.0774592
342.561	0.0896842
343.137	0.0839036
343.714	0.0894974
344.291	0.0875614
344.867	0.0744466
345.444	0.0773548
346.021	0.112313
346.597	0.105388
347.174	0.125075
347.751	0.1957
348.328	0.117244
348.904	0.116767
349.481	0.0844674
350.058	0.107005
350.634	0.0998838
351.211	0.124281
351.788	0.0994251
352.364	0.109125
352.941	0.116823
353.518	0.107339
354.095	0.110405
354.671	0.111722
355.248	0.115063
355.825	0.120017
356.401	0.11635
356.978	0.121268
357.555	0.120757
358.131	0.125107
358.708	0.11575
359.285	0.119734
359.862	0.123538
360.438	0.122066
361.015	0.123383
361.592	0.127706
362.168	0.127805
362.745	0.127246
363.322	0.131698
363.899	0.129292
364.475	0.117777
365.052	0.119084
365.629	0.114639
366.205	0.132222
366.782	0.126177
367.359	0.127596
367.935	0.126233
368.512	0.126913
369.089	0.116277
369.666	0.134342
370.242	0.0797083
370.819	0.281162
371.396	0.0940946
371.972	0.117339
372.549	0.096834
373.126	0.138146
373.702	0.116604
374.279	0.114262
374.856	0.117124
375.433	0.131156
376.009	0.106937
376.586	0.111343
377.163	0.10872
377.739	0.115677
378.316	0.12837
378.893	0.119659
379.469	0.111157
380.046	0.110762
380.623	0.111637
381.2	0.113542
381.776	0.111268
382.353	0.112918
382.93	0.109127
383.506	0.1101
384.083	0.0978416
384.66	0.112554
385.236	0.100849
385.813	0.100629
386.39	0.0961699
386.967	0.100806
387.543	0.0852841
388.12	0.0977143
388.697	0.0726624
389.273	0.0902844
389.85	0.0958394
390.427	0.0901424
391.003	0.0735273
391.58	0.0980494
392.157	0.0834671
392.734	0.103861
393.31	0.110192
393.887	0.0652716
394.464	0.137671
395.04	0.0812363
395.617	0.030798
396.194	0.0782645
396.77	0.0859737
397.347	0.0717179
397.924	0.0843387
398.501	0.0559605
399.077	0.0702419
399.654	0.0778489
400.231	0.0676976
400.807	0.0700803
401.384	0.0598697
401.961	0.0661216
402.537	0.0596449
403.114	0.0471001
403.691	0.0622918
404.268	0.0627738
404.844	0.0493192
405.421	0.0527254
405.998	0.0556664
406.574	0.049996
407.151	0.0569345
407.728	0.0367941
408.304	0.0557161
408.881	0.04307
409.458	0.0577662
410.035	0.068607
410.611	0.0504753
411.188	0.0546154
411.765	0.0550486
412.341	0.0335234
412.918	0.110496
413.495	0.0239572
414.072	0.197519
414.648	0.0718521
415.225	0.118102
415.802	0.38504
416.378	0.209174
416.955	0.340561
417.532	0.217685
418.108	0.08548
418.685	0.0548543
419.262	0.0253071
419.839	0.0314005
420.415	0.0353918
420.992	0.0419309
421.569	0.0645616
422.145	0.0108463
422.722	0.0255304
423.299	0.015729
423.875	0.0344979
424.452	0.0363964
425.029	0.0194215
425.606	0.0336787
426.182	0.0370764
426.759	0.0380953
427.336	0.0399278
427.912	0.00531591
428.489	0.0560097
429.066	0.0226345
429.642	0.0454674
430.219	0.0413395
430.796	0.0167047
431.373	0.0294882
431.949	0.036337
432.526	0.0314111
433.103	0.0460681
433.679	0.040059
434.256	0.0313326
434.833	0.0190256
435.409	0.0317675
435.986	0.0324713
436.563	0.0135553
437.14	0.00920798
437.716	0.038685
438.293	0.000836293
438.87	0.0576027
439.446	0.0366535
440.023	0.0225881
440.6	0.117676
441.176	0.0480431
441.753	0.0796338
442.33	0.0535111
442.907	0.0576675
443.483	0.0423165
444.06	0.0313567
444.637	0.0511982
445.213	0.00594069
445.79	0.0563033
446.367	0.0280143
446.943	0.0352586
447.52	0.0524367
448.097	0.0283135
448.674	0.0408208
449.25	0.0118725
449.827	0.0335997
450.404	0.0274729
450.98	0.0284461
451.557	0.00984844
452.134	0.021883
452.71	0.0293258
453.287	0.0299228
453.864	0.0166666
454.441	0.0294761
455.017	0.014896
455.594	0.0367181
456.171	0.0308863
456.747	0.0478047
457.324	0.0485026
457.901	0.0240762
458.478	0.056981
459.054	0.0691868
459.631	0.0295827
460.208	0.0219154
460.784	0.0168975
461.361	0.0200169
461.938	0.0676924
462.514	0.0385544
463.091	0.0388875
463.668	0.060126
464.245	0.0248861
464.821	0.0487029
465.398	0.00817055
465.975	0.0187086
466.551	0.0224414
467.128	0.0102914
467.705	0.0118704
468.281	0.0149586
468.858	0.024858
469.435	0.0277808
470.012	0.0215941
470.588	0.0295345
471.165	0.0205061
471.742	0.0255326
472.318	0.0176531
472.895	0.0145036
473.472	0.0189037
474.048	0.0183496
474.625	0.0203938
475.202	0.0146181
475.779	0.0249213
476.355	0.0329961
476.932	0.0201039
477.509	0.0244475
478.085	0.0146947
478.662	0.0228592
479.239	0.013789
479.815	0.0317372
480.392	0.017147
480.969	0.0312238
481.546	0.0332579
482.122	0.0183986
482.699	0.0243814
483.276	0.0224547
483.852	0.0517884
484.429	0.0469997
485.006	0.0364652
485.582	0.0644355
486.159	0.0733047
486.736	0.0430167
487.313	0.0253359
487.889	0.0297622
488.466	0.0373038
489.043	0.037667
489.619	0.0389322
490.196	0.0398817
490.773	0.0299522
491.349	0.0390497
491.926	0.0165119
492.503	0.0434134
493.08	0.0310407
493.656	0.0351753
494.233	0.042481
494.81	0.0365775
495.386	0.0444463
495.963	0.0410396
496.54	0.0279063
497.116	0.0371249
497.693	0.0396389
498.27	0.0437908
498.847	0.0327622
499.423	0.0400899
500	0.0332456
500.577	0.0484939
501.153	0.0451747
501.73	0.0380395
502.307	0.033451
502.884	0.0355473
503.46	0.0421843
504.037	0.0418921
504.614	0.0300792
505.19	0.06628
505.767	0.0308825
506.344	0.0681497
506.92	0.0459731
507.497	0.025968
508.074	0.0637163
508.651	0.036311
509.227	0.0746663
509.804	0.0570427
510.381	0.0431011
510.957	0.0635231
511.534	0.0740064
512.111	0.0568821
512.687	0.0350759
513.264	0.0471531
513.841	0.0609044
514.418	0.0448991
514.994	0.0542382
515.571	0.0532584
516.148	0.0370853
516.724	0.0715263
517.301	0.0380097
517.878	0.0668009
518.454	0.0420855
519.031	0.0660975
519.608	0.0604617
520.185	0.0570664
520.761	0.0577602
521.338	0.0724964
521.915	0.0554951
522.491	0.0687347
523.068	0.053388
523.645	0.0703922
524.221	0.05581
524.798	0.0943005
525.375	0.0492236
525.952	0.0813013
526.528	0.0524476
527.105	0.0476486
527.682	0.0611224
528.258	0.0661337
528.835	0.0583187
529.412	0.0621462
529.988	0.0209419
530.565	0.0976662
531.142	0.0485683
531.719	0.0508826
532.295	0.0513258
532.872	0.145342
533.449	0.0335091
534.025	0.0159178
534.602	0.0221446
535.179	0.0515853
535.755	0.046623
536.332	0.0554746
536.909	0.0108482
537.486	0.0518553
538.062	0.0175674
538.639	0.0430973
539.216	0.0293025
539.792	0.0169443
540.369	0.00400953
540.946	0.0266504
541.522	0.0302516
542.099	0.0425184
542.676	0.0523961
543.253	0.0208795
543.829	0.0320822
544.406	0.0172246
544.983	0.0473346
545.559	0.0194297
546.136	0.0243322
546.713	0.0290011
547.29	0.0912944
547.866	0.0234383
548.443	0.0778349
549.02	0.0418494
549.596	0.108185
550.173	0.0388157
550.75	0.237274
551.326	0.0798843
551.903	0.229966
552.48	0.173267
553.057	0.186459
553.633	0.426513
554.21	0.757969
554.787	1.19121
555.363	3.00978
555.94	8.21702
556.517	3.81175
557.093	1.06818
557.67	0.909302
558.247	0.765073
558.824	0.344863
559.4	0.539522
559.977	0.400649
560.554	0.258233
561.13	0.38823
561.707	0.130695
562.284	0.366483
562.86	0.272818
563.437	0.263308
564.014	0.250861
564.591	0.254556
565.167	0.196648
565.744	0.227865
566.321	0.197012
566.897	0.240337
567.474	0.164872
568.051	0.197347
568.627	0.187672
569.204	0.189088
569.781	0.139402
570.358	0.204493
570.934	0.131252
571.511	0.179729
572.088	0.153766
572.664	0.146265
573.241	0.140444
573.818	0.113808
574.394	0.142258
574.971	0.128627
575.548	0.0959416
576.125	0.141612
576.701	0.0914967
577.278	0.102346
577.855	0.0583324
578.431	0.0936614
579.008	0.102123
579.585	0.197132
580.161	0.075653
580.738	0.133045
581.315	0.064106
581.892	0.124461
582.468	0.105574
583.045	0.0892906
583.622	0.09666
584.198	0.0679814
584.775	0.077301
585.352	0.0952352
585.928	0.0553376
586.505	0.0956247
587.082	0.0457402
587.659	0.094525
588.235	0.0752577
588.812	0.0674325
589.389	0.0868579
589.965	0.0635714
590.542	0.100395
591.119	0.0770605
591.696	0.0803064
592.272	0.0443199
592.849	0.0667549
593.426	0.0784318
594.002	0.038182
594.579	0.109014
595.156	0.0685294
595.732	0.054852
596.309	0.0731883
596.886	0.0495353
597.463	0.083846
598.039	0.0740763
598.616	0.0687865
599.193	0.0716227
599.769	0.0236091
600.346	0.0588788
600.923	0.065942
601.499	0.0754558
602.076	0.0461192
602.653	0.0462081
603.23	0.0579736
603.806	0.0275843
604.383	0.030232
604.96	0.0163944
605.536	0.019123
606.113	0.0346736
606.69	0.0225507
607.266	0.0398703
607.843	0.036194
608.42	0.0193702
608.997	0.0310515
609.573	0.00879809
610.15	0.0117866
610.727	0.0146285
611.303	0.0175137
611.88	0.0141135
612.457	0.0205744
613.033	0.0137418
613.61	0.0223946
614.187	0.0230165
614.764	0.0205864
615.34	0.0123317
615.917	0.0248326
616.494	0.00469201
617.07	0.0296443
617.647	0.0231052
618.224	0.0194249
618.8	0.0304102
619.377	0.0275516
619.954	0.0259465
620.531	0.0265285
621.107	0.0111335
621.684	0.0174456
622.261	0.0367937
622.837	0.0578134
623.414	0.0256909
623.991	0.0419648
624.567	0.068991
625.144	0.0457893
625.721	0.108589
626.298	0.0114625
626.874	0.04537
627.451	0.0109085
628.028	0.0152848
628.604	0.0408701
629.181	0.0304352
629.758	0.0328435
630.334	0.00829288
630.911	0.0192607
631.488	0.0262451
632.065	0.0144403
632.641	0.0271988
633.218	0.0123585
633.795	0.0263668
634.371	0.00987063
634.948	0.0153369
635.525	0.025815
636.101	0.024532
636.678	0.0282331
637.255	0.0283657
637.832	0.0223314
638.408	0.0319434
638.985	0.0194095
639.562	0.0213037
640.138	0.0227071
640.715	0.0347676
641.292	0.0316353
641.869	0.0314085
642.445	0.00802719
643.022	0.0337348
643.599	0.0196468
644.175	0.0483541
644.752	0.0131879
645.329	0.0153848
645.905	0.0397948
646.482	0.0360979
647.059	0.0239611
647.636	0.016929
648.212	0.0545195
648.789	0.198186
649.366	0.0500017
649.942	0.0289771
650.519	0.0293956
651.096	0.0496773
651.672	0.0206695
652.249	0.0351515
652.826	0.0232408
653.403	0.0338791
653.979	0.0212244
654.556	0.0319462
655.133	0.0331728
655.709	0.027182
656.286	0.0250911
656.863	0.0233094
657.439	0.0152756
658.016	0.0372525
658.593	0.0257359
659.17	0.0157817
659.746	0.0215173
660.323	0.0198025
660.9	0.0110061
661.476	0.0165219
662.053	0.00642296
662.63	0.0306709
663.206	0.0158116
663.783	0.0297204
664.36	0.0157304
664.937	0.00713726
665.513	0.0266998
666.09	0.0100328
666.667	0.0160671
667.243	0.00577162
667.82	0.0158926
668.397	0.0165184
668.973	0.0469083
669.55	0.0318265
670.127	0.0728021
670.704	0.105008
671.28	0.0644944
671.857	0.079625
672.434	0.0570837
673.01	0.0281505
673.587	0.058954
674.164	0.0114462
674.74	0.0376248
675.317	0.0269254
675.894	0.0208931
676.471	0.0239006
677.047	0.0154614
677.624	0.0272816
678.201	0.01047
678.777	0.0150205
679.354	0.0218187
679.931	0.00665311
680.507	0.0133722
681.084	0.0129444
681.661	0.0127662
682.238	0.0188465
682.814	0.00314945
683.391	0.00776781
683.968	0.0152769
684.544	0.00842762
685.121	0.00818227
685.698	0.0142196
686.275	0.0421845
686.851	0.0393276
687.428	0.0297036
688.005	0.0342244
688.581	0.0122887
689.158	0.0345134
689.735	0.0301057
690.311	0.0243308
690.888	0.11435
691.465	0.0494066
692.042	0.284073
692.618	0.114039
693.195	0.158765
693.772	0.721025
694.348	0.208087
694.925	0.427502
695.502	0.350463
696.078	0.182339
696.655	0.0715755
697.232	0.105759
697.809	0.0936554
698.385	0.0186005
698.962	0.0773906
699.539	0.0550295
700.115	0.0458123
700.692	0.0378389
701.269	0.0169803
701.845	0.0487449
702.422	0.0223198
702.999	0.034313
703.576	0.0329797
704.152	0.0234626
704.729	0.0317882
705.306	0.0459157
705.882	0.0148884
706.459	0.0459481
707.036	0.0134594
707.612	0.0494128
708.189	0.029144
708.766	0.030742
709.343	0.037586
709.919	0.042604
710.496	0.0433747
711.073	0.0567024
711.649	0.0340175
712.226	0.0457907
712.803	0.0250485
713.379	0.0500557
713.956	0.00868708
714.533	0.020831
715.11	0.0168599
715.686	0.0197457
716.263	0.00900727
716.84	0.0534145
717.416	0.0219028
717.993	0.100128
718.57	0.0872092
719.146	0.0318842
719.723	0.0530277
720.3	0.0779079
720.877	0.0508766
721.453	0.0232435
722.03	0.0645842
722.607	0.0344758
723.183	0.0223731
723.76	0.0244378
724.337	0.0276074
724.913	0.0296969
725.49	0.012535
726.067	0.0170946
726.644	0.0251151
727.22	0.0107343
727.797	0.0138748
728.374	0.0146551
728.95	0.0286467
729.527	0.0267895
730.104	0.00507491
730.681	0.00656754
731.257	0.03629
731.834	0.0247869
732.411	0.0453788
732.987	0.0513051
733.564	0.0745398
734.141	0.0744536
734.717	0.158112
735.294	0.109224
735.871	0.192587
736.448	0.195901
737.024	0.313279
737.601	0.140614
738.178	0.0624675
738.754	0.092092
739.331	0.0747273
739.908	0.0758104
740.484	0.129343
741.061	0.0348527
741.638	0.0522529
742.215	0.0727152
742.791	0.0639973
743.368	0.0761286
743.945	0.0549282
744.521	0.0489455
745.098	0.051297
745.675	0.0131465
746.251	0.0213766
746.828	0.0392398
747.405	0.0218355
747.982	0.0236756
748.558	0.0145465
749.135	0.0280437
749.712	0.0149399
750.288	0.0383806
750.865	0.0275954
751.442	0.00760476
752.018	0.0251998
752.595	0.0192028
753.172	0.0330943
753.749	0.00484743
754.325	0.0443241
754.902	0.0218698
755.479	0.0245669
756.055	0.0172376
756.632	0.0166641
757.209	0.0194173
757.785	0.0267283
758.362	0.0175055
758.939	0.0188669
759.516	0.013882
760.092	0.0293059
760.669	0.0364951
761.246	0.047221
761.822	0.0229882
762.399	0.0471167
762.976	0.0543547
763.552	0.0270878
764.129	0.00782225
764.706	0.0965266
765.283	0.0575191
765.859	0.0266867
766.436	0.0457303
767.013	0.0234937
767.589	0.0457172
768.166	0.0201362
768.743	0.0371758
769.319	0.0307302
769.896	0.00716312
770.473	0.0197849
771.05	0.0249512
771.626	0.0275303
772.203	0.0229658
772.78	0.0243828
773.356	0.0336839
773.933	0.0289196
774.51	0.0307704
775.087	0.0228019
775.663	0.0168269
776.24	0.0184447
776.817	0.0208639
777.393	0.023306
777.97	0.00779476
778.547	0.0271689
779.123	0.00592301
779.7	0.0106432
780.277	0.0217898
780.854	0.0098525
781.43	0.0435959
782.007	0.0295193
782.584	0.011067
783.16	0.0244809
783.737	0.0192272
784.314	0.0209908
784.89	0.0351648
785.467	0.00331391
786.044	0.0271588
786.621	0.0880301
787.197	0.0282651
787.774	0.0952556
788.351	0.0306784
788.927	0.0321592
789.504	0.0274286
790.081	0.0265654
790.657	0.0260232
791.234	0.0202645
791.811	0.0147683
792.388	0.0129002
792.964	0.0250081
793.541	0.0191663
794.118	0.0180986
794.694	0.0107607
795.271	0.0238015
795.848	0.0204932
796.424	0.00817375
797.001	0.0226773
797.578	0.0133922
798.155	0.0167278
798.731	0.0161979
799.308	0.018497
799.885	0.01611
800.461	0.0103459
801.038	0.0113783
801.615	0.0152418
802.191	0.0249344
802.768	0.0208177
803.345	0.0162638
803.922	0.0322018
804.498	0.00638912
805.075	0.0174771
805.652	0.010439
806.228	0.00519391
806.805	0.0303631
807.382	0.0281377
807.958	0.0248034
808.535	0.0303969
809.112	0.0168461
809.689	0.0160985
810.265	0.0391968
810.842	0.0664862
811.419	0.0834987
811.995	0.0318303
812.572	0.0228018
813.149	0.0192561
813.725	0.0353162
814.302	0.0158902
814.879	0.0433917
815.456	0.016494
816.032	0.0237233
816.609	0.0419321
817.186	0.0374095
817.762	0.0363365
818.339	0.0388751
818.916	0.0295639
819.493	0.0582267
820.069	0.00219222
820.646	0.0597995
821.223	0.0218413
821.799	0.0302806
822.376	0.0417206
822.953	0.0420817
823.529	0.0367779
824.106	0.0317303
824.683	0.0408526
825.26	0.0617195
825.836	0.0224601
826.413	0.0682173
826.99	0.0509696
827.566	0.0827513
828.143	0.0494211
828.72	0.141229
829.296	0.0714967
829.873	0.11259
830.45	0.10523
831.027	0.14279
831.603	0.228887
832.18	0.348317
832.757	0.591565
833.333	1.31088
833.91	2.10235
834.487	1.77872
835.063	0.44068
835.64	0.40763
836.217	0.403435
836.794	0.122626
837.37	0.245247
837.947	0.118548
838.524	0.0806901
839.1	0.128149
839.677	0.0526302
840.254	0.148659
840.83	0.098085
841.407	0.0921648
841.984	0.0955325
842.561	0.0807517
843.137	0.049485
843.714	0.0753703
844.291	0.0587182
844.867	0.0750028
845.444	0.0369084
846.021	0.0467241
846.597	0.0587777
847.174	0.0507463
847.751	0.0507188
848.328	0.0593081
848.904	0.0204251
849.481	0.0449716
850.058	0.0499807
850.634	0.0512676
851.211	0.0346555
851.788	0.0246433
852.364	0.050279
852.941	0.0587134
853.518	0.0290202
854.095	0.0785221
854.671	0.00832253
855.248	0.0220202
855.825	0.0612645
856.401	0.101697
856.978	0.106532
857.555	0.136874
858.131	0.0272599
858.708	0.0309051
859.285	0.0368189
859.862	0.0254677
860.438	0.02599
861.015	0.0197695
861.592	0.0131191
862.168	0.0162769
862.745	0.0291854
863.322	0.0341008
863.899	0.00490822
864.475	0.0309647
865.052	0.0182183
865.629	0.0150373
866.205	0.0159453
866.782	0.0116823
867.359	0.0264173
867.935	0.00685536
868.512	0.0353643
869.089	0.0293427
869.666	0.02252
870.242	0.0351103
870.819	0.030752
871.396	0.0226626
871.972	0.0188435
872.549	0.01389
873.126	0.0238353
873.702	0.0285103
874.279	0.020196
874.856	0.00968056
875.433	0.0181248
876.009	0.0181519
876.586	0.0294438
877.163	0.0102249
877.739	0.0348117
878.316	0.0351025
878.893	0.0673161
879.469	0.0104219
880.046	0.0525825
880.623	0.0588948
881.2	0.0819492
881.776	0.0423472
882.353	0.0425581
882.93	0.0257625
883.506	0.0470048
884.083	0.0669642
884.66	0.0276316
885.236	0.0288292
885.813	0.0176872
886.39	0.0561883
886.967	0.0387324
887.543	0.0613806
888.12	0.0728372
888.697	0.0630132
889.273	0.0695068
889.85	0.0425653
890.427	0.0452528
891.003	0.0551399
891.58	0.0340456
892.157	0.0495322
892.734	0.0502399
893.31	0.0525475
893.887	0.0534506
894.464	0.0087041
895.04	0.0140389
895.617	0.00861563
896.194	0.00806219
896.77	0.0157929
897.347	0.0207212
897.924	0.024303
898.501	0.0294868
899.077	0.0222377
899.654	0.0154241
900.231	0.018902
900.807	0.0174548
901.384	0.0241694
901.961	0.0332393
902.537	0.0437094
903.114	0.0591695
903.691	0.0840641
904.268	0.0185677
904.844	0.0241637
905.421	0.0143062
905.998	0.0363406
906.574	0.0246199
907.151	0.0329456
907.728	0.023371
908.304	0.0314692
908.881	0.021272
909.458	0.0239259
910.035	0.0120554
910.611	0.015555
911.188	0.0127602
911.765	0.0293332
912.341	0.0126176
912.918	0.0128528
913.495	0.0254866
914.072	0.02772
914.648	0.013021
915.225	0.0444837
915.802	0.0243355
916.378	0.0350622
916.955	0.0105405
917.532	0.00995236
918.108	0.0178722
918.685	0.0293629
919.262	0.00396194
919.839	0.00863139
920.415	0.0125383
920.992	0.0300616
921.569	0.0103777
922.145	0.0118748
922.722	0.0111054
923.299	0.00802325
923.875	0.0249679
924.452	0.0340201
925.029	0.0169189
925.606	0.0400905
926.182	0.0778051
926.759	0.160995
927.336	0.0737932
927.912	0.00610761
928.489	0.045237
929.066	0.030842
929.642	0.0209861
930.219	0.0306643
930.796	0.0221393
931.373	0.0261015
931.949	0.0140772
932.526	0.0144792
933.103	0.0195262
933.679	0.0222826
934.256	0.0107202
934.833	0.018855
935.409	0.0323538
935.986	0.0322392
936.563	0.0189846
937.14	0.0182564
937.716	0.0102689
938.293	0.0239969
938.87	0.0285363
939.446	0.0350196
940.023	0.0339208
940.6	0.0208544
941.176	0.0264851
941.753	0.0123796
942.33	0.0199503
942.907	0.0202185
943.483	0.0224447
944.06	0.0267909
944.637	0.0120832
945.213	0.0249334
945.79	0.0152835
946.367	0.011156
946.943	0.0466122
947.52	0.0307716
948.097	0.0519766
948.674	0.099635
949.25	0.0471419
949.827	0.0406195
950.404	0.123551
950.98	0.0496048
951.557	0.0489771
952.134	0.046728
952.71	0.0549507
953.287	0.015368
953.864	0.0125276
954.441	0.046189
955.017	0.024047
955.594	0.0519997
956.171	0.0233719
956.747	0.0276151
957.324	0.0340952
957.901	0.0164245
958.478	0.0312333
959.054	0.0223639
959.631	0.0105629
960.208	0.0289931
960.784	0.00678984
961.361	0.0345668
961.938	0.0214754
962.514	0.00844486
963.091	0.0392938
963.668	0.0244141
964.245	0.0529003
964.821	0.0810842
965.398	0.047032
965.975	0.079979
966.551	0.0080482
967.128	0.0587731
967.705	0.0512641
968.281	0.0330933
968.858	0.184007
969.435	0.0865024
970.012	0.371579
970.588	0.263295
971.165	0.258244
971.742	1.26464
972.318	0.378554
972.895	0.840264
973.472	0.528883
974.048	0.259797
974.625	0.176057
975.202	0.171028
975.779	0.128117
976.355	0.0576866
976.932	0.0885474
977.509	0.096315
978.085	0.0708006
978.662	0.0470376
979.239	0.0585732
979.815	0.0656966
980.392	0.0280392
980.969	0.0537115
981.546	0.04414
982.122	0.0485409
982.699	0.0367903
983.276	0.0231408
983.852	0.0427103
984.429	0.0383698
985.006	0.0251108
985.582	0.0717684
986.159	0.0272241
986.736	0.0447069
987.313	0.0581247
987.889	0.0257899
988.466	0.043119
989.043	0.0463668
989.619	0.0407961
990.196	0.0458394
990.773	0.0199803
991.349	0.059323
991.926	0.0213842
992.503	0.0362707
993.08	0.0140183
993.656	0.0138877
994.233	0.0254053
994.81	0.0730592
995.386	0.0606599
995.963	0.114116
996.54	0.0441363
997.116	0.0497944
997.693	0.0100606
998.27	0.0508085
998.847	0.0385757
999.423	0.021395
1000	0.030906
1000.58	0.00630626
1001.15	0.0296687
1001.73	0.00641689
1002.31	0.0200683
1002.88	0.0276694
1003.46	0.0138197
1004.04	0.0130474
1004.61	0.00804438
1005.19	0.0182114
1005.77	0.00566899
1006.34	0.0108615
1006.92	0.0108296
1007.5	0.00960843
1008.07	0.0112308
1008.65	0.0233403
1009.23	0.0126641
1009.8	0.0238059
1010.38	0.012723
1010.96	0.010463
1011.53	0.0356581
1012.11	0.000584773
1012.69	0.0326598
1013.26	0.00831254
1013.84	0.0181641
1014.42	0.0035509
1014.99	0.0166469
1015.57	0.00608718
1016.15	0.0199361
1016.72	0.0145458
1017.3	0.0282747
1017.88	0.0367996
1018.45	0.0247356
1019.03	0.030435
1019.61	0.172216
1020.18	0.0456243
1020.76	0.0075188
1021.34	0.0445329
1021.91	0.0208987
1022.49	0.0311705
1023.07	0.0126538
1023.64	0.014338
1024.22	0.0289901
1024.8	0.007746
1025.37	0.0103226
1025.95	0.0188622
1026.53	0.0165668
1027.1	0.0156811
1027.68	0.0133694
1028.26	0.0126675
1028.84	0.0287781
1029.41	0.031443
1029.99	0.0393415
1030.57	0.0671488
1031.14	0.0172157
1031.72	0.0281096
1032.3	0.0629071
1032.87	0.031428
1033.45	0.0141763
1034.03	0.0417189
1034.6	0.0687745
1035.18	0.0121103
1035.76	0.0409042
1036.33	0.0400264
1036.91	0.0213726
1037.49	0.0140476
1038.06	0.0203783
1038.64	0.0248823
1039.22	0.0322715
1039.79	0.0296247
1040.37	0.0118396
1040.95	0.0726992
1041.52	0.0554898
1042.1	0.049595
1042.68	0.0679319
1043.25	0.0233817
1043.83	0.0446168
1044.41	0.0301212
1044.98	0.0197978
1045.56	0.0427353
1046.14	0.0382442
1046.71	0.0207082
1047.29	0.0248794
1047.87	0.00543573
1048.44	0.0344873
1049.02	0.0393977
1049.6	0.0380068
1050.17	0.0222454
1050.75	0.0222844
1051.33	0.032339
1051.9	0.0164313
1052.48	0.00905242
1053.06	0.0221782
1053.63	0.0114316
1054.21	0.0224346
1054.79	0.00551049
1055.36	0.0222968
1055.94	0.00376447
1056.52	0.0269951
1057.09	0.0108384
1057.67	0.0210563
1058.25	0.022894
1058.82	0.0111696
1059.4	0.0116803
1059.98	0.0174988
1060.55	0.0118319
1061.13	0.0352264
1061.71	0.0222424
1062.28	0.0128703
1062.86	0.0577457
1063.44	0.0051392
1064.01	0.0379846
1064.59	0.118472
1065.17	0.0191296
1065.74	0.0800499
1066.32	0.0691248
1066.9	0.0417181
1067.47	0.0288789
1068.05	0.0246442
1068.63	0.0250891
1069.2	0.023176
1069.78	0.0146963
1070.36	0.00947096
1070.93	0.0260668
1071.51	0.0271367
1072.09	0.0157972
1072.66	0.0255666
1073.24	0.0240856
1073.82	0.0217572
1074.39	0.00679577
1074.97	0.0203539
1075.55	0.00167015
1076.12	0.0171809
1076.7	0.0238353
1077.28	0.0136327
1077.85	0.0109654
1078.43	0.00233633
1079.01	0.0109511
1079.58	0.012552
1080.16	0.00913258
1080.74	0.00631789
1081.31	0.017877
1081.89	0.00694716
1082.47	0.0110875
1083.04	0.0218646
1083.62	0.0118674
1084.2	0.0166772
1084.78	0.0280409
1085.35	0.0115474
1085.93	0.0191727
1086.51	0.0374828
1087.08	0.0324215
1087.66	0.0248964
1088.24	0.0504706
1088.81	0.0160433
1089.39	0.0797072
1089.97	0.0404846
1090.54	0.0383278
1091.12	0.0189478
1091.7	0.0568968
1092.27	0.0207336
1092.85	0.0640113
1093.43	0.0109767
1094	0.0473027
1094.58	0.0437562
1095.16	0.0453458
1095.73	0.0351404
1096.31	0.0261466
1096.89	0.047659
1097.46	0.0407592
1098.04	0.00346717
1098.62	0.0635998
1099.19	0.0223809
1099.77	0.0478865
1100.35	0.0416762
1100.92	0.0450139
1101.5	0.0387865
1102.08	0.0400239
1102.65	0.0583751
1103.23	0.0693289
1103.81	0.0417398
1104.38	0.0726321
1104.96	0.0499552
1105.54	0.0629429
1106.11	0.0690716
1106.69	0.113189
1107.27	0.10036
1107.84	0.115376
1108.42	0.106943
1109	0.152918
1109.57	0.222586
1110.15	0.308035
1110.73	0.577769
1111.3	1.11282
1111.88	1.05825
1112.46	1.60796
1113.03	0.375417
1113.61	0.334279
1114.19	0.433049
1114.76	0.107319
1115.34	0.211801
1115.92	0.0981787
1116.49	0.0565952
1117.07	0.103296
1117.65	0.0321677
1118.22	0.100314
1118.8	0.0775861
1119.38	0.0721713
1119.95	0.081543
1120.53	0.0339321
1121.11	0.0343496
1121.68	0.0462434
1122.26	0.0277156
1122.84	0.0550708
1123.41	0.0248083
1123.99	0.0329233
1124.57	0.0351794
1125.14	0.0218666
1125.72	0.00876728
1126.3	0.0186284
1126.87	0.00937341
1127.45	0.0276828
1128.03	0.0225635
1128.6	0.0321608
1129.18	0.0281879
1129.76	0.0152666
1130.33	0.0324182
1130.91	0.0283676
1131.49	0.0327928
1132.06	0.0418306
1132.64	0.0462244
1133.22	0.040206
1133.79	0.0541962
1134.37	0.108851
1134.95	0.0591897
1135.52	0.0702025
1136.1	0.0538253
1136.68	0.0121846
1137.25	0.0655752
1137.83	0.0118173
1138.41	0.0091287
1138.99	0.00872639
1139.56	0.0164136
1140.14	0.0135165
1140.72	0.0192558
1141.29	0.0171353
1141.87	0.0186612
1142.45	0.0104273
1143.02	0.0262045
1143.6	0.00848076
1144.18	0.0122913
1144.75	0.00481433
1145.33	0.0196146
1145.91	0.00908784
1146.48	0.0075608
1147.06	0.00278977
1147.64	0.0227738
1148.21	0.0105625
1148.79	0.0164866
1149.37	0.0157722
1149.94	0.00543422
1150.52	0.0139477
1151.1	0.0202056
1151.67	0.0043599
1152.25	0.0221458
1152.83	0.0168028
1153.4	0.017672
1153.98	0.01964
1154.56	0.0253502
1155.13	0.0208882
1155.71	0.017114
1156.29	0.0142859
1156.86	0.0909897
1157.44	0.080931
1158.02	0.0482164
1158.59	0.0458399
1159.17	0.0301115
1159.75	0.0277881
1160.32	0.0196048
1160.9	0.00681116
1161.48	0.0191024
1162.05	0.011695
1162.63	0.00871893
1163.21	0.025636
1163.78	0.0281556
1164.36	0.00864174
1164.94	0.00574718
1165.51	0.0233066
1166.09	0.023801
1166.67	0.0330677
1167.24	0.00874018
1167.82	0.0155072
1168.4	0.00929418
1168.97	0.0146739
1169.55	0.0219792
1170.13	0.0153567
1170.7	0.0166373
1171.28	0.0093578
1171.86	0.0059559
1172.43	0.0140816
1173.01	0.00290977
1173.59	0.0266046
1174.16	0.0186602
1174.74	0.00615921
1175.32	0.000865688
1175.89	0.019893
1176.47	0.0245005
1177.05	0.00139572
1177.62	0.0248005
1178.2	0.0309944
1178.78	0.0200387
1179.35	0.0353782
1179.93	0.0498389
1180.51	0.0569885
1181.08	0.00286673
1181.66	0.0596536
1182.24	0.0508415
1182.81	0.0370778
1183.39	0.0203992
1183.97	0.0303895
1184.54	0.0263408
1185.12	0.0014321
1185.7	0.0268112
1186.27	0.0184839
1186.85	0.00258054
1187.43	0.00686837
1188	0.0185602
1188.58	0.0290019
1189.16	0.00452723
1189.73	0.013827
1190.31	0.0083201
1190.89	0.00732888
1191.46	0.0183589
1192.04	0.0166342
1192.62	0.0228815
1193.19	0.0144983
1193.77	0.0105703
1194.35	0.0163905
1194.93	0.00885878
1195.5	0.0310723
1196.08	0.0255929
1196.66	0.0216542
1197.23	0.00818637
1197.81	0.00830717
1198.39	0.0303978
1198.96	0.0240446
1199.54	0.00985353
1200.12	0.00962061
1200.69	0.0174098
1201.27	0.00717653
1201.85	0.0177219
1202.42	0.0252603
1203	0.0314644
1203.58	0.0460397
1204.15	0.0483279
1204.73	0.0809608
1205.31	0.0912474
1205.88	0.0166093
1206.46	0.0147959
1207.04	0.0199891
1207.61	0.0267081
1208.19	0.0173974
1208.77	0.0180856
1209.34	0.0166089
1209.92	0.0219895
1210.5	0.00471371
1211.07	0.0194586
1211.65	0.011629
1212.23	0.00631311
1212.8	0.0151561
1213.38	0.018907
1213.96	0.0100861
1214.53	0.023952
1215.11	0.00509924
1215.69	0.00737044
1216.26	0.00675113
1216.84	0.0197325
1217.42	0.00408226
1217.99	0.0119192
1218.57	0.00617866
1219.15	0.0253106
1219.72	0.0123315
1220.3	0.0164125
1220.88	0.0183981
1221.45	0.0178554
1222.03	0.0116289
1222.61	0.0167017
1223.18	0.00880719
1223.76	0.00882392
1224.34	0.0125828
1224.91	0.065197
1225.49	0.0126243
1226.07	0.0512357
1226.64	0.0725
1227.22	0.05747
1227.8	0.107292
1228.37	0.0561585
1228.95	0.0385892
1229.53	0.0444634
1230.1	0.0435053
1230.68	0.0311195
1231.26	0.0291185
1231.83	0.0349593
1232.41	0.0132172
1232.99	0.0306863
1233.56	0.0339821
1234.14	0.0225124
1234.72	0.030004
1235.29	0.00854465
1235.87	0.0211556
1236.45	0.0113038
1237.02	0.0240254
1237.6	0.0364643
1238.18	0.0354372
1238.75	0.0260781
1239.33	0.0572496
1239.91	0.0289861
1240.48	0.0480514
1241.06	0.0350204
1241.64	0.0357233
1242.21	0.0819565
1242.79	0.0744484
1243.37	0.0772452
1243.94	0.101649
1244.52	0.0316956
1245.1	0.103883
1245.67	0.0576499
1246.25	0.0982899
1246.83	0.212276
1247.4	0.105718
1247.98	0.43059
1248.56	0.337104
1249.13	0.373533
1249.71	1.601
1250.29	1.06838
1250.87	1.11578
1251.44	0.574782
1252.02	0.308459
1252.6	0.223135
1253.17	0.153096
1253.75	0.1067
1254.33	0.114162
1254.9	0.100733
1255.48	0.111475
1256.06	0.0688862
1256.63	0.0613747
1257.21	0.0507125
1257.79	0.0710216
1258.36	0.0434342
1258.94	0.0685851
1259.52	0.05712
1260.09	0.0388895
1260.67	0.0387078
1261.25	0.0435505
1261.82	0.0419942
1262.4	0.0460346
1262.98	0.0246752
1263.55	0.06279
1264.13	0.00474712
1264.71	0.0414148
1265.28	0.0475802
1265.86	0.0261977
1266.44	0.0353234
1267.01	0.0438843
1267.59	0.0448361
1268.17	0.0466696
1268.74	0.0131175
1269.32	0.0641364
1269.9	0.0232272
1270.47	0.0583307
1271.05	0.0210204
1271.63	0.0377783
1272.2	0.0423196
1272.78	0.0799762
1273.36	0.0140939
1273.93	0.0482073
1274.51	0.0227859
1275.09	0.0345387
1275.66	0.0354009
1276.24	0.0190341
1276.82	0.0100823
1277.39	0.0292379
1277.97	0.0170261
1278.55	0.0128876
1279.12	0.0240727
1279.7	0.0103211
1280.28	0.00650438
1280.85	0.0201701
1281.43	0.00825153
1282.01	0.00991097
1282.58	0.0111986
1283.16	0.0102824
1283.74	0.00429144
1284.31	0.0109812
1284.89	0.0124687
1285.47	0.0216689
1286.04	0.0149067
1286.62	0.00397195
1287.2	0.0190382
1287.77	0.00500162
1288.35	0.0199095
1288.93	0.0219956
1289.5	0.0231973
1290.08	0.0152177
1290.66	0.0263648
1291.23	0.0240976
1291.81	0.00831826
1292.39	0.0133354
1292.96	0.0220708
1293.54	0.0236083
1294.12	0.0223957
1294.69	0.0279524
1295.27	0.0392957
1295.85	0.0662594
1296.42	0.0812304
1297	0.0216882
1297.58	0.12077
1298.15	0.0367927
1298.73	0.00738007
1299.31	0.0576562
1299.88	0.0105528
1300.46	0.024454
1301.04	0.0330626
1301.61	0.0117898
1302.19	0.0170529
1302.77	0.0107352
1303.34	0.0101064
1303.92	0.02112
1304.5	0.0189786
1305.07	0.00867626
1305.65	0.0252797
1306.23	0.00288217
1306.81	0.0200004
1307.38	0.00773994
1307.96	0.0214401
1308.54	0.00924411
1309.11	0.0200306
1309.69	0.00687282
1310.27	0.0149218
1310.84	0.0306489
1311.42	0.0201768
1312	0.0208121
1312.57	0.0359812
1313.15	0.0369173
1313.73	0.0327732
1314.3	0.00624612
1314.88	0.023135
1315.46	0.0182202
1316.03	0.0375009
1316.61	0.0408543
1317.19	0.0208124
1317.76	0.0292217
1318.34	0.0432061
1318.92	0.0222399
1319.49	0.065142
1320.07	0.0523817
1320.65	0.0573026
1321.22	0.0719729
1321.8	0.00969858
1322.38	0.0306962
1322.95	0.031771
1323.53	0.0241022
1324.11	0.0188098
1324.68	0.0165227
1325.26	0.0216986
1325.84	0.0395072
1326.41	0.0418847
1326.99	0.0144741
1327.57	0.0695746
1328.14	0.0413943
1328.72	0.0148027
1329.3	0.0308038
1329.87	0.0607827
1330.45	0.0301118
1331.03	0.0157359
1331.6	0.0666829
1332.18	0.0375674
1332.76	0.0335494
1333.33	0.0287879
1333.91	0.0146052
1334.49	0.0110859
1335.06	0.0134871
1335.64	0.0166913
1336.22	0.0189847
1336.79	0.0111762
1337.37	0.00952808
1337.95	0.0275109
1338.52	0.0126168
1339.1	0.0107043
1339.68	0.0288702
1340.25	0.0210127
1340.83	0.0427435
1341.41	0.00865571
1341.98	0.0465583
1342.56	0.169724
1343.14	0.0309916
1343.71	0.0256919
1344.29	0.0392221
1344.87	0.0303533
1345.44	0.0165137
1346.02	0.0219679
1346.6	0.00379126
1347.17	0.0157383
1347.75	0.00188199
1348.33	0.0192682
1348.9	0.00595753
1349.48	0.0316852
1350.06	0.00311846
1350.63	0.0367786
1351.21	0.00910899
1351.79	0.0148486
1352.36	0.0219435
1352.94	0.0149077
1353.52	0.0213571
1354.09	0.0109156
1354.67	0.0106568
1355.25	0.0106694
1355.82	0.013155
1356.4	0.00792447
1356.98	0.015894
1357.55	0.0102119
1358.13	0.0107469
1358.71	0.0152388
1359.28	0.0254604
1359.86	0.0180048
1360.44	0.00475772
1361.01	0.0274663
1361.59	0.00432246
1362.17	0.0290952
1362.75	0.0190465
1363.32	0.0372547
1363.9	0.0484019
1364.48	0.0114269
1365.05	0.0473831
1365.63	0.0417807
1366.21	0.115569
1366.78	0.0625388
1367.36	0.071481
1367.94	0.0229841
1368.51	0.0132228
1369.09	0.0117264
1369.67	0.0341612
1370.24	0.0189407
1370.82	0.0582924
1371.4	0.0175841
1371.97	0.0457264
1372.55	0.0386458
1373.13	0.046407
1373.7	0.0414763
1374.28	0.0249298
1374.86	0.0572777
1375.43	0.0430498
1376.01	0.0268113
1376.59	0.071249
1377.16	0.0227604
1377.74	0.0385905
1378.32	0.0406549
1378.89	0.0238261
1379.47	0.0352383
1380.05	0.0487342
1380.62	0.0431766
1381.2	0.0528334
1381.78	0.0257833
1382.35	0.0655754
1382.93	0.0564146
1383.51	0.0473397
1384.08	0.0692985
1384.66	0.0969136
1385.24	0.0866541
1385.81	0.0572341
1386.39	0.126727
1386.97	0.169101
1387.54	0.17359
1388.12	0.259377
1388.7	0.529849
1389.27	0.834977
1389.85	0.373813
1390.43	1.2684
1391	0.260947
1391.58	0.260209
1392.16	0.374206
1392.73	0.0884047
1393.31	0.18341
1393.89	0.0340091
1394.46	0.0494389
1395.04	0.0591132
1395.62	0.00924733
1396.19	0.0786898
1396.77	0.0486868
1397.35	0.0786705
1397.92	0.0532139
1398.5	0.0223479
1399.08	0.0365917
1399.65	0.00572612
1400.23	0.0194044
1400.81	0.0319015
1401.38	0.00602056
1401.96	0.0267453
1402.54	0.00932755
1403.11	0.020259
1403.69	0.0303151
1404.27	0.0146934
1404.84	0.0333698
1405.42	0.0268052
1406	0.0230902
1406.57	0.050387
1407.15	0.0220716
1407.73	0.0472149
1408.3	0.0111728
1408.88	0.0180507
1409.46	0.0544257
1410.03	0.046925
1410.61	0.0494213
1411.19	0.0508923
1411.76	0.12197
1412.34	0.0377201
1412.92	0.0472393
1413.49	0.0999537
1414.07	0.0536292
1414.65	0.0287065
1415.22	0.0490749
1415.8	0.0110486
1416.38	0.0180561
1416.96	0.0262606
1417.53	0.0145879
1418.11	0.0286101
1418.69	0.0231583
1419.26	0.0224237
1419.84	0.0225958
1420.42	0.0108219
1420.99	0.0292708
1421.57	0.0223974
1422.15	0.0366978
1422.72	0.0363574
1423.3	0.0310579
1423.88	0.0256817
1424.45	0.0102849
1425.03	0.0204287
1425.61	0.0216385
1426.18	0.0334266
1426.76	0.0349918
1427.34	0.0204949
1427.91	0.0132006
1428.49	0.0242168
1429.07	0.021831
1429.64	0.0160985
1430.22	0.0161019
1430.8	0.0280283
1431.37	0.0246451
1431.95	0.0325386
1432.53	0.0236384
1433.1	0.0334401
1433.68	0.0473266
1434.26	0.00808463
1434.83	0.0752043
1435.41	0.160128
1435.99	0.0775013
1436.56	0.0413444
1437.14	0.0193143
1437.72	0.0359605
1438.29	0.0258195
1438.87	0.010612
1439.45	0.0123014
1440.02	0.0141777
1440.6	0.0126321
1441.18	0.0323519
1441.75	0.0121777
1442.33	0.011292
1442.91	0.00576515
1443.48	0.0320539
1444.06	0.0200152
1444.64	0.011884
1445.21	0.0131662
1445.79	0.0372457
1446.37	0.0261886
1446.94	0.0470116
1447.52	0.0144848
1448.1	0.0289162
1448.67	0.0260265
1449.25	0.0148097
1449.83	0.0134503
1450.4	0.0314622
1450.98	0.0143373
1451.56	0.0181266
1452.13	0.0139565
1452.71	0.0252039
1453.29	0.0222233
1453.86	0.0331322
1454.44	0.0258651
1455.02	0.0354734
1455.59	0.0261239
1456.17	0.0377109
1456.75	0.016601
1457.32	0.0264144
1457.9	0.0161656
1458.48	0.0858925
1459.05	0.061515
1459.63	0.0457275
1460.21	0.0319697
1460.78	0.0226612
1461.36	0.0172115
1461.94	0.0175974
1462.51	0.0179041
1463.09	0.0211204
1463.67	0.0318632
1464.24	0.0219204
1464.82	0.0224728
1465.4	0.0165926
1465.97	0.00560351
1466.55	0.0105555
1467.13	0.0119638
1467.7	0.011189
1468.28	0.0554385
1468.86	0.0509843
1469.43	0.0481238
1470.01	0.04807
1470.59	0.0319828
1471.16	0.0571279
1471.74	0.0427042
1472.32	0.0397749
1472.9	0.0725266
1473.47	0.0652999
1474.05	0.0713765
1474.63	0.0636843
1475.2	0.0374826
1475.78	0.0563635
1476.36	0.0198749
1476.93	0.0305065
1477.51	0.0287508
1478.09	0.0670273
1478.66	0.0487027
1479.24	0.0277875
1479.82	0.044843
1480.39	0.0431973
1480.97	0.0821069
1481.55	0.0601209
1482.12	0.0531384
1482.7	0.00854566
1483.28	0.0663336
1483.85	0.0344804
1484.43	0.0322261
1485.01	0.00947244
1485.58	0.0279262
1486.16	0.0161951
1486.74	0.0203384
1487.31	0.0090963
1487.89	0.022209
1488.47	0.028185
1489.04	0.0232273
1489.62	0.0163057
1490.2	0.0188574
1490.77	0.0207131
1491.35	0.0313516
1491.93	0.0337473
1492.5	0.0253282
1493.08	0.0296776
1493.66	0.03608
1494.23	0.0093984
1494.81	0.0281487
1495.39	0.0129652
1495.96	0.018686
1496.54	0.0174758
1497.12	0.0202825
1497.69	0.0329476
1498.27	0.00283675
1498.85	0.0366935
1499.42	0.0314763
1500	0.0175177
1500.58	0.0158159
1501.15	0.0223469
1501.73	0.0286349
1502.31	0.0272072
1502.88	0.03894
1503.46	0.0326712
1504.04	0.0291498
1504.61	0.138511
1505.19	0.104712
1505.77	0.0989114
1506.34	0.0643191
1506.92	0.0207556
1507.5	0.00794013
1508.07	0.0801162
1508.65	0.0303215
1509.23	0.061483
1509.8	0.0524967
1510.38	0.0256401
1510.96	0.0358952
1511.53	0.0523785
1512.11	0.0527202
1512.69	0.0464645
1513.26	0.0230017
1513.84	0.0620073
1514.42	0.0531133
1514.99	0.0533711
1515.57	0.0613788
1516.15	0.0489669
1516.72	0.0395906
1517.3	0.077499
1517.88	0.06119
1518.45	0.0778255
1519.03	0.0519626
1519.61	0.0832258
1520.18	0.0976546
1520.76	0.0941072
1521.34	0.099241
1521.91	0.150747
1522.49	0.0537661
1523.07	0.130001
1523.64	0.0824027
1524.22	0.120191
1524.8	0.246414
1525.37	0.122191
1525.95	0.402446
1526.53	0.409202
1527.1	0.439796
1527.68	1.76811
1528.26	2.1138
1528.84	1.309
1529.41	0.585984
1529.99	0.346548
1530.57	0.226594
1531.14	0.139958
1531.72	0.102407
1532.3	0.109301
1532.87	0.0695587
1533.45	0.138026
1534.03	0.0470717
1534.6	0.079619
1535.18	0.0498725
1535.76	0.0652234
1536.33	0.0226722
1536.91	0.0592834
1537.49	0.0379625
1538.06	0.0302421
1538.64	0.0350524
1539.22	0.0393386
1539.79	0.0407736
1540.37	0.0277129
1540.95	0.0225309
1541.52	0.057188
1542.1	0.00511397
1542.68	0.0569529
1543.25	0.0270156
1543.83	0.0375204
1544.41	0.0344969
1544.98	0.034513
1545.56	0.0420279
1546.14	0.020863
1546.71	0.0172855
1547.29	0.0426693
1547.87	0.0188467
1548.44	0.0362324
1549.02	0.0204668
1549.6	0.0202232
1550.17	0.0311555
1550.75	0.0807946
1551.33	0.0691346
1551.9	0.038871
1552.48	0.018805
1553.06	0.0193909
1553.63	0.0282791
1554.21	0.0222972
1554.79	0.0309997
1555.36	0.0331136
1555.94	0.00560854
1556.52	0.0115275
1557.09	0.0191156
1557.67	0.00386965
1558.25	0.0344747
1558.82	0.0189396
1559.4	0.0227412
1559.98	0.0265478
1560.55	0.0160771
1561.13	0.0136697
1561.71	0.00888202
1562.28	0.0177264
1562.86	0.018826
1563.44	0.0180177
1564.01	0.017333
1564.59	0.0151876
1565.17	0.0228151
1565.74	0.00871729
1566.32	0.0204294
1566.9	0.0242871
1567.47	0.0101304
1568.05	0.0174148
1568.63	0.0168111
1569.2	0.0244122
1569.78	0.0140331
1570.36	0.0123506
1570.93	0.0200466
1571.51	0.0243979
1572.09	0.0248071
1572.66	0.0274702
1573.24	0.0296328
1573.82	0.0281428
1574.39	0.0973709
1574.97	0.031005
1575.55	0.0903716
1576.12	0.0255183
1576.7	0.00490609
1577.28	0.0355201
1577.85	0.0197225
1578.43	0.0201466
1579.01	0.0223689
1579.58	0.0110636
1580.16	0.0270833
1580.74	0.042482
1581.31	0.0117803
1581.89	0.0208327
1582.47	0.00811727
1583.04	0.00391675
1583.62	0.0254957
1584.2	0.00525389
1584.78	0.0214739
1585.35	0.0194486
1585.93	0.017418
1586.51	0.0147234
1587.08	0.0206232
1587.66	0.0288983
1588.24	0.0268565
1588.81	0.0314708
1589.39	0.0217726
1589.97	0.0208318
1590.54	0.0258441
1591.12	0.0228635
1591.7	0.0172323
1592.27	0.00508217
1592.85	0.0282588
1593.43	0.0355214
1594	0.017473
1594.58	0.0440206
1595.16	0.0217503
1595.73	0.0448463
1596.31	0.024367
1596.89	0.0554839
1597.46	0.0972203
1598.04	0.0094343
1598.62	0.0272246
1599.19	0.0526125
1599.77	0.0455333
1600.35	0.0208619
1600.92	0.0446377
1601.5	0.0343212
1602.08	0.0267603
1602.65	0.0125069
1603.23	0.0161316
1603.81	0.0148675
1604.38	0.0242416
1604.96	0.0172615
1605.54	0.0167232
1606.11	0.0149139
1606.69	0.0219546
1607.27	0.0206211
1607.84	0.0418152
1608.42	0.00719541
1609	0.0303994
1609.57	0.0164147
1610.15	0.0233831
1610.73	0.00866719
1611.3	0.0249796
1611.88	0.0356587
1612.46	0.0129436
1613.03	0.0253404
1613.61	0.014349
1614.19	0.0222964
1614.76	0.0205471
1615.34	0.0370879
1615.92	0.0191932
1616.49	0.0106481
1617.07	0.0491987
1617.65	0.0463887
1618.22	0.0525217
1618.8	0.0734111
1619.38	0.0615527
1619.95	0.0697651
1620.53	0.0492854
1621.11	0.0325846
1621.68	0.127583
1622.26	0.0732386
1622.84	0.0715158
1623.41	0.089528
1623.99	0.0653844
1624.57	0.137008
1625.14	0.315803
1625.72	0.193687
1626.3	0.188711
1626.87	0.11203
1627.45	0.161277
1628.03	0.0765072
1628.6	0.0762135
1629.18	0.04864
1629.76	0.0470536
1630.33	0.0249256
1630.91	0.0336015
1631.49	0.00588531
1632.06	0.00314011
1632.64	0.0247934
1633.22	0.0259713
1633.79	0.0126667
1634.37	0.0117273
1634.95	0.0110067
1635.52	0.0237959
1636.1	0.0147401
1636.68	0.0101169
1637.25	0.0269167
1637.83	0.0253161
1638.41	0.0221928
1638.99	0.0195761
1639.56	0.0325886
1640.14	0.061984
1640.72	0.0205529
1641.29	0.0482227
1641.87	0.0748191
1642.45	0.050556
1643.02	0.0305329
1643.6	0.0836992
1644.18	0.102171
1644.75	0.0248311
1645.33	0.0508218
1645.91	0.0107919
1646.48	0.0197364
1647.06	0.0186875
1647.64	0.0204232
1648.21	0.00598465
1648.79	0.0485841
1649.37	0.0238754
1649.94	0.0448253
1650.52	0.0310353
1651.1	0.0561169
1651.67	0.0419922
1652.25	0.042515
1652.83	0.0363231
1653.4	0.0281132
1653.98	0.0294579
1654.56	0.0486983
1655.13	0.0131634
1655.71	0.0461143
1656.29	0.0119078
1656.86	0.0466223
1657.44	0.0298141
1658.02	0.0230875
1658.59	0.0306435
1659.17	0.0345968
1659.75	0.0194812
1660.32	0.0471945
1660.9	0.0146902
1661.48	0.0367183
1662.05	0.0430018
1662.63	0.0543671
1663.21	0.0748485
1663.78	0.0159354
1664.36	0.09086
1664.94	0.10255
1665.51	0.0683492
1666.09	0.180418
1666.67	0.34876
1667.24	0.421357
1667.82	0.21409
1668.4	0.724137
1668.97	0.161073
1669.55	0.111504
1670.13	0.287174
1670.7	0.048362
1671.28	0.115493
1671.86	0.0266612
1672.43	0.0288687
1673.01	0.0373752
1673.59	0.0150942
1674.16	0.0347805
1674.74	0.0322857
1675.32	0.0366331
1675.89	0.0449131
1676.47	0.0136044
1677.05	0.00803375
1677.62	0.00954399
1678.2	0.0132036
1678.78	0.0100656
1679.35	0.00488498
1679.93	0.016985
1680.51	0.0153153
1681.08	0.013151
1681.66	0.0137019
1682.24	0.00947306
1682.81	0.0192719
1683.39	0.012394
1683.97	0.00873791
1684.54	0.0249145
1685.12	0.013219
1685.7	0.0238442
1686.27	0.0202656
1686.85	0.0292495
1687.43	0.0348342
1688	0.00840689
1688.58	0.0589142
1689.16	0.0260706
1689.73	0.0541461
1690.31	0.0761564
1690.89	0.0674131
1691.46	0.105162
1692.04	0.0737821
1692.62	0.028873
1693.19	0.0497762
1693.77	0.0138408
1694.35	0.0166778
1694.93	0.00327827
1695.5	0.0187828
1696.08	0.00717071
1696.66	0.0239018
1697.23	0.0042912
1697.81	0.0157154
1698.39	0.0266678
1698.96	0.018413
1699.54	0.0281287
1700.12	0.00591589
1700.69	0.0146017
1701.27	0.00884198
1701.85	0.0174128
1702.42	0.0187277
1703	0.0129828
1703.58	0.024845
1704.15	0.0342217
1704.73	0.0121813
1705.31	0.0202744
1705.88	0.0225172
1706.46	0.0255536
1707.04	0.0321476
1707.61	0.029302
1708.19	0.0206936
1708.77	0.031288
1709.34	0.0208792
1709.92	0.03339
1710.5	0.0175781
1711.07	0.0483645
1711.65	0.0274902
1712.23	0.026479
1712.8	0.0512419
1713.38	0.195555
1713.96	0.0551973
1714.53	0.0182842
1715.11	0.0249655
1715.69	0.0349186
1716.26	0.0399212
1716.84	0.0146015
1717.42	0.0150966
1717.99	0.0468916
1718.57	0.0188504
1719.15	0.0326512
1719.72	0.00549393
1720.3	0.0317361
1720.88	0.0304235
1721.45	0.0347281
1722.03	0.0228694
1722.61	0.0204688
1723.18	0.019987
1723.76	0.0320177
1724.34	0.0235258
1724.91	0.0272768
1725.49	0.0286179
1726.07	0.0242582
1726.64	0.0274385
1727.22	0.0145156
1727.8	0.0129813
1728.37	0.0274314
1728.95	0.00969068
1729.53	0.0300015
1730.1	0.0121741
1730.68	0.0282997
1731.26	0.0189896
1731.83	0.00889432
1732.41	0.0361094
1732.99	0.0303702
1733.56	0.0418359
1734.14	0.0176379
1734.72	0.0133379
1735.29	0.0485079
1735.87	0.0130179
1736.45	0.11051
1737.02	0.0476486
1737.6	0.0694169
1738.18	0.0400309
1738.75	0.0263149
1739.33	0.0578585
1739.91	0.0379136
1740.48	0.0170325
1741.06	0.00836261
1741.64	0.0258484
1742.21	0.0241378
1742.79	0.0282522
1743.37	0.0309405
1743.94	0.0168713
1744.52	0.0250283
1745.1	0.0285017
1745.67	0.00692679
1746.25	0.026098
1746.83	0.0126742
1747.4	0.0182624
1747.98	0.023035
1748.56	0.0213106
1749.13	0.0147428
1749.71	0.0182569
1750.29	0.0163645
1750.87	0.0171978
1751.44	0.0140896
1752.02	0.00888184
1752.6	0.0111055
1753.17	0.0284566
1753.75	0.0163999
1754.33	0.0347063
1754.9	0.0383367
1755.48	0.0232822
1756.06	0.0317443
1756.63	0.0164312
1757.21	0.0134557
1757.79	0.0271732
1758.36	0.0274051
1758.94	0.0555848
1759.52	0.0451241
1760.09	0.0449064
1760.67	0.0729378
1761.25	0.064598
1761.82	0.0558574
1762.4	0.0236033
1762.98	0.0696394
1763.55	0.065576
1764.13	0.0717242
1764.71	0.0825417
1765.28	0.0478114
1765.86	0.0736984
1766.44	0.0515802
1767.01	0.0689999
1767.59	0.107867
1768.17	0.0352888
1768.74	0.0752918
1769.32	0.0670614
1769.9	0.0429729
1770.47	0.0799119
1771.05	0.0758351
1771.63	0.0987514
1772.2	0.0624849
1772.78	0.0857525
1773.36	0.0668674
1773.93	0.0748998
1774.51	0.0920962
1775.09	0.0469112
1775.66	0.0947541
1776.24	0.0544681
1776.82	0.0952754
1777.39	0.077267
1777.97	0.06827
1778.55	0.0972837
1779.12	0.0886236
1779.7	0.106858
1780.28	0.12341
1780.85	0.0653996
1781.43	0.132546
1782.01	0.0756094
1782.58	0.197675
1783.16	0.0989975
1783.74	0.090553
1784.31	0.0583011
1784.89	0.102661
1785.47	0.0932514
1786.04	0.141609
1786.62	0.0966672
1787.2	0.129734
1787.77	0.143155
1788.35	0.113801
1788.93	0.139783
1789.5	0.146742
1790.08	0.156201
1790.66	0.180222
1791.23	0.133194
1791.81	0.205589
1792.39	0.140668
1792.96	0.190754
1793.54	0.189597
1794.12	0.198459
1794.69	0.166872
1795.27	0.241756
1795.85	0.198922
1796.42	0.229322
1797	0.198375
1797.58	0.256328
1798.15	0.252441
1798.73	0.263767
1799.31	0.275025
1799.88	0.36668
1800.46	0.131776
1801.04	0.389089
1801.61	0.258392
1802.19	0.401021
1802.77	0.538015
1803.34	0.343474
1803.92	0.760457
1804.5	0.905734
1805.07	1.06243
1805.65	3.77232
1806.23	8.24465
1806.81	2.99248
1807.38	1.17677
1807.96	0.750931
1808.54	0.415718
1809.11	0.176634
1809.69	0.165218
1810.27	0.223204
1810.84	0.0735005
1811.42	0.231164
1812	0.0446608
1812.57	0.101886
1813.15	0.0389042
1813.73	0.0725443
1814.3	0.0245326
1814.88	0.0863003
1815.46	0.0234344
1816.03	0.0197522
1816.61	0.0240594
1817.19	0.042193
1817.76	0.0203024
1818.34	0.0283777
1818.92	0.025241
1819.49	0.0477909
1820.07	0.047088
1820.65	0.0273815
1821.22	0.0309823
1821.8	0.00522069
1822.38	0.0173342
1822.95	0.0318264
1823.53	0.0464328
1824.11	0.0188247
1824.68	0.0565091
1825.26	0.00942115
1825.84	0.0599427
1826.41	0.0497005
1826.99	0.0552016
1827.57	0.0256747
1828.14	0.020346
1828.72	0.0360736
1829.3	0.14885
1829.87	0.0502922
1830.45	0.0550687
1831.03	0.051504
1831.6	0.099433
1832.18	0.0249863
1832.76	0.0643568
1833.33	0.0623362
1833.91	0.0688002
1834.49	0.0641213
1835.06	0.0506341
1835.64	0.053908
1836.22	0.0830904
1836.79	0.0513253
1837.37	0.0958432
1837.95	0.0573305
1838.52	0.0712906
1839.1	0.0547728
1839.68	0.069485
1840.25	0.0557169
1840.83	0.072422
1841.41	0.0571419
1841.98	0.0562886
1842.56	0.0591625
1843.14	0.0651848
1843.71	0.0413809
1844.29	0.0658568
1844.87	0.0368536
1845.44	0.0700055
1846.02	0.035326
1846.6	0.0507665
1847.17	0.0531449
1847.75	0.0430184
1848.33	0.0581839
1848.9	0.0440624
1849.48	0.0330269
1850.06	0.0541651
1850.63	0.074975
1851.21	0.0606876
1851.79	0.0416873
1852.36	0.0592084
1852.94	0.0719453
1853.52	0.0330531
1854.09	0.0604539
1854.67	0.0225063
1855.25	0.0423668
1855.82	0.064406
1856.4	0.0268981
1856.98	0.062374
1857.55	0.0265711
1858.13	0.0381037
1858.71	0.0382297
1859.28	0.0316919
1859.86	0.0295085
1860.44	0.0340061
1861.01	0.0411873
1861.59	0.0443352
1862.17	0.0290632
1862.75	0.0360552
1863.32	0.0286282
1863.9	0.039661
1864.48	0.03542
1865.05	0.0331629
1865.63	0.0237977
1866.21	0.0368434
1866.78	0.0402188
1867.36	0.0324439
1867.94	0.0382618
1868.51	0.0310989
1869.09	0.0269512
1869.67	0.0392368
1870.24	0.0142251
1870.82	0.0351665
1871.4	0.0262199
1871.97	0.0355083
1872.55	0.0345853
1873.13	0.0358702
1873.7	0.0331737
1874.28	0.0253198
1874.86	0.0226076
1875.43	0.0387476
1876.01	0.0743872
1876.59	0.0655879
1877.16	0.03198
1877.74	0.0479878
1878.32	0.0511412
1878.89	0.0222799
1879.47	0.0251814
1880.05	0.0154631
1880.62	0.0358255
1881.2	0.0326265
1881.78	0.0199807
1882.35	0.0326822
1882.93	0.013418
1883.51	0.0254606
1884.08	0.0122409
1884.66	0.028495
1885.24	0.0240502
1885.81	0.0361879
1886.39	0.0291467
1886.97	0.018935
1887.54	0.0247449
1888.12	0.0226277
1888.7	0.023186
1889.27	0.0177499
1889.85	0.0217048
1890.43	0.0297356
1891	0.0247948
1891.58	0.0328276
1892.16	0.0257978
1892.73	0.0318913
1893.31	0.0287922
1893.89	0.0188401
1894.46	0.0159558
1895.04	0.0140169
1895.62	0.0266352
1896.19	0.0228381
1896.77	0.0060987
1897.35	0.052519
1897.92	0.0290023
1898.5	0.0636813
1899.08	0.0424667
1899.65	0.036811
1900.23	0.0645179
1900.81	0.0184254
1901.38	0.0151205
1901.96	0.0229234
1902.54	0.0260183
1903.11	0.0730906
1903.69	0.0532797
1904.27	0.0197466
1904.84	0.0513863
1905.42	0.0490582
1906	0.028708
1906.57	0.0362212
1907.15	0.011552
1907.73	0.0308732
1908.3	0.0127938
1908.88	0.0259906
1909.46	0.0271353
1910.03	0.020508
1910.61	0.00872698
1911.19	0.026619
1911.76	0.0240205
1912.34	0.0328147
1912.92	0.00966695
1913.49	0.0378288
1914.07	0.0250709
1914.65	0.0494029
1915.22	0.0324582
1915.8	0.0249607
1916.38	0.0549263
1916.96	0.00203041
1917.53	0.0472743
1918.11	0.0276948
1918.69	0.0400951
1919.26	0.0534981
1919.84	0.0492247
1920.42	0.0764627
1920.99	0.0436472
1921.57	0.113089
1922.15	0.0184723
1922.72	0.0386432
1923.3	0.0560284
1923.88	0.00530633
1924.45	0.0346983
1925.03	0.00696287
1925.61	0.0164247
1926.18	0.0285405
1926.76	0.0273845
1927.34	0.0145841
1927.91	0.0268804
1928.49	0.0361268
1929.07	0.041984
1929.64	0.0268597
1930.22	0.0344998
1930.8	0.0258313
1931.37	0.014745
1931.95	0.0391765
1932.53	0.042024
1933.1	0.0226217
1933.68	0.0529735
1934.26	0.00464189
1934.83	0.0396045
1935.41	0.0333648
1935.99	0.0367186
1936.56	0.0303669
1937.14	0.021321
1937.72	0.0368815
1938.29	0.0311108
1938.87	0.0200407
1939.45	0.0223676
1940.02	0.010245
1940.6	0.0651498
1941.18	0.0423496
1941.75	0.0393006
1942.33	0.0271004
1942.91	0.0263812
1943.48	0.0564687
1944.06	0.0813704
1944.64	0.212784
1945.21	0.336322
1945.79	0.215349
1946.37	0.390212
1946.94	0.116854
1947.52	0.075622
1948.1	0.200543
1948.67	0.0245558
1949.25	0.115176
1949.83	0.0368626
1950.4	0.0595683
1950.98	0.0585315
1951.56	0.0549854
1952.13	0.0731667
1952.71	0.062166
1953.29	0.0470809
1953.86	0.0601221
1954.44	0.0412234
1955.02	0.0615293
1955.59	0.0544548
1956.17	0.0600078
1956.75	0.0570238
1957.32	0.0537688
1957.9	0.0668446
1958.48	0.0664561
1959.05	0.0509693
1959.63	0.0636644
1960.21	0.0695107
1960.78	0.0634548
1961.36	0.0730181
1961.94	0.0713524
1962.51	0.0804084
1963.09	0.0728415
1963.67	0.0595903
1964.24	0.0876011
1964.82	0.0742478
1965.4	0.0876384
1965.97	0.0802012
1966.55	0.0344247
1967.13	0.0827901
1967.7	0.138802
1968.28	0.0686587
1968.86	0.113855
1969.43	0.105539
1970.01	0.0837866
1970.59	0.0989128
1971.16	0.0755885
1971.74	0.0905392
1972.32	0.0967698
1972.9	0.0900576
1973.47	0.0731657
1974.05	0.0973761
1974.63	0.0854379
1975.2	0.100004
1975.78	0.095949
1976.36	0.100012
1976.93	0.100165
1977.51	0.111324
1978.09	0.0968286
1978.66	0.108872
1979.24	0.107709
1979.82	0.111197
1980.39	0.109453
1980.97	0.111287
1981.55	0.109474
1982.12	0.108379
1982.7	0.108946
1983.28	0.116921
1983.85	0.125287
1984.43	0.112488
1985.01	0.105469
1985.58	0.108307
1986.16	0.103924
1986.74	0.127579
1987.31	0.11375
1987.89	0.1104
1988.47	0.113292
1989.04	0.134229
1989.62	0.092794
1990.2	0.11352
1990.77	0.0902893
1991.35	0.276683
1991.93	0.0751099
1992.5	0.130244
1993.08	0.111924
1993.66	0.122326
1994.23	0.121691
1994.81	0.122876
1995.39	0.121522
1995.96	0.127372
1996.54	0.109762
1997.12	0.114249
1997.69	0.112913
1998.27	0.124483
1998.85	0.126754
1999.42	0.122387
2000	0.122748
2000.58	0.122649
2001.15	0.118232
2001.73	0.117103
2002.31	0.118388
2002.88	0.114708
2003.46	0.11062
2004.04	0.120219
2004.61	0.115698
2005.19	0.116168
2005.77	0.111051
2006.34	0.114969
2006.92	0.109913
2007.5	0.106846
2008.07	0.105147
2008.65	0.102455
2009.23	0.111896
2009.8	0.103747
2010.38	0.0945517
2010.96	0.119287
2011.53	0.0943136
2012.11	0.102454
2012.69	0.078918
2013.26	0.112952
2013.84	0.112037
2014.42	0.189739
2014.99	0.122592
2015.57	0.101605
2016.15	0.10967
2016.72	0.0739749
2017.3	0.0705487
2017.88	0.0850549
2018.45	0.0852194
2019.03	0.080378
2019.61	0.0859254
2020.18	0.0736089
2020.76	0.0787574
2021.34	0.0885936
2021.91	0.0861818
2022.49	0.0712748
2023.07	0.0683782
2023.64	0.0663843
2024.22	0.0584306
2024.8	0.0547377
2025.37	0.082638
2025.95	0.044078
2026.53	0.0564753
2027.1	0.0448076
2027.68	0.0708062
2028.26	0.0453517
2028.84	0.0461445
2029.41	0.0249865
2029.99	0.0510778
2030.57	0.0297494
2031.14	0.0412222
2031.72	0.0164404
2032.3	0.0438302
2032.87	0.00732154
2033.45	0.0461052
2034.03	0.0257934
2034.6	0.0249747
2035.18	0.0478562
2035.76	0.0497573
2036.33	0.0148478
2036.91	0.0630261
2037.49	0.0628601
2038.06	0.0830886
2038.64	0.0783728
2039.22	0.0655056
2039.79	0.0741051
2040.37	0.0453212
2040.95	0.0695286
2041.52	0.101346
2042.1	0.0735387
2042.68	0.109443
2043.25	0.0853965
2043.83	0.0997514
2044.41	0.108112
2044.98	0.0932842
2045.56	0.121314
2046.14	0.106524
2046.71	0.12301
2047.29	0.127867
2047.87	0.142484
2048.44	0.125858
2049.02	0.168407
2049.6	0.144537
2050.17	0.115232
2050.75	0.14231
2051.33	0.143441
2051.9	0.151421
2052.48	0.165213
2053.06	0.132938
2053.63	0.206148
2054.21	0.138524
2054.79	0.178617
2055.36	0.166953
2055.94	0.181793
2056.52	0.202158
2057.09	0.193627
2057.67	0.209814
2058.25	0.254371
2058.82	0.164316
2059.4	0.246158
2059.98	0.199419
2060.55	0.35289
2061.13	0.186063
2061.71	0.165071
2062.28	0.23773
2062.86	0.256448
2063.44	0.223912
2064.01	0.298294
2064.59	0.247695
2065.17	0.329578
2065.74	0.278587
2066.32	0.301312
2066.9	0.314727
2067.47	0.336357
2068.05	0.32987
2068.63	0.368098
2069.2	0.324725
2069.78	0.418467
2070.36	0.341904
2070.93	0.438569
2071.51	0.384213
2072.09	0.45077
2072.66	0.38542
2073.24	0.493612
2073.82	0.407984
2074.39	0.462141
2074.97	0.443296
2075.55	0.545921
2076.12	0.503495
2076.7	0.553856
2077.28	0.504955
2077.85	0.678385
2078.43	0.352956
2079.01	0.75486
2079.58	0.564812
2080.16	0.799263
2080.74	0.905827
2081.31	0.635165
2081.89	1.21266
2082.47	1.56968
2083.04	1.95966
2083.62	6.23575
2084.2	30.4778
2084.78	5.23853
2085.35	1.71867
2085.93	1.26512
2086.51	0.543482
2087.08	0.104237
2087.66	0.210875
2088.24	0.269063
2088.81	0.0798051
2089.39	0.252668
2089.97	0.210599
2090.54	0.0963308
2091.12	0.133399
2091.7	0.0144686
2092.27	0.123779
2092.85	0.0360039
2093.43	0.115712
2094	0.0734664
2094.58	0.14897
2095.16	0.0444815
2095.73	0.141823
2096.31	0.0989441
2096.89	0.151952
2097.46	0.0540669
2098.04	0.206233
2098.62	0.0965364
2099.19	0.164278
2099.77	0.163335
2100.35	0.154563
2100.92	0.145447
2101.5	0.17518
2102.08	0.161373
2102.65	0.227746
2103.23	0.109938
2103.81	0.2293
2104.38	0.165837
2104.96	0.225547
2105.54	0.230475
2106.11	0.173209
2106.69	0.207917
2107.27	0.30197
2107.84	0.167911
2108.42	0.238517
2109	0.19282
2109.57	0.26211
2110.15	0.19467
2110.73	0.209574
2111.3	0.227312
2111.88	0.209061
2112.46	0.229215
2113.03	0.212746
2113.61	0.191907
2114.19	0.246497
2114.76	0.176523
2115.34	0.249717
2115.92	0.209186
2116.49	0.22252
2117.07	0.230064
2117.65	0.220418
2118.22	0.205748
2118.8	0.208375
2119.38	0.194405
2119.95	0.201455
2120.53	0.199011
2121.11	0.201399
2121.68	0.195019
2122.26	0.219139
2122.84	0.16914
2123.41	0.226724
2123.99	0.168585
2124.57	0.210166
2125.14	0.196123
2125.72	0.176603
2126.3	0.172782
2126.87	0.186347
2127.45	0.173267
2128.03	0.190647
2128.6	0.166361
2129.18	0.222142
2129.76	0.162474
2130.33	0.205164
2130.91	0.215474
2131.49	0.165223
2132.06	0.204564
2132.64	0.16126
2133.22	0.185111
2133.79	0.183012
2134.37	0.147033
2134.95	0.199252
2135.52	0.165075
2136.1	0.197483
2136.68	0.17247
2137.25	0.17856
2137.83	0.179242
2138.41	0.189531
2138.99	0.190715
2139.56	0.205356
2140.14	0.201721
2140.72	0.194354
2141.29	0.202022
2141.87	0.209137
2142.45	0.187514
2143.02	0.228744
2143.6	0.193535
2144.18	0.220711
2144.75	0.2241
2145.33	0.217243
2145.91	0.221945
2146.48	0.22572
2147.06	0.223928
2147.64	0.260202
2148.21	0.205642
2148.79	0.247181
2149.37	0.209722
2149.94	0.256461
2150.52	0.240997
2151.1	0.253583
2151.67	0.24528
2152.25	0.252996
2152.83	0.262501
2153.4	0.301921
2153.98	0.271852
2154.56	0.263983
2155.13	0.242721
2155.71	0.249249
2156.29	0.258366
2156.86	0.235249
2157.44	0.269984
2158.02	0.254798
2158.59	0.253245
2159.17	0.268096
2159.75	0.249006
2160.32	0.26855
2160.9	0.249068
2161.48	0.261277
2162.05	0.273462
2162.63	0.270221
2163.21	0.280614
2163.78	0.268289
2164.36	0.264297
2164.94	0.287137
2165.51	0.271215
2166.09	0.292413
2166.67	0.275209
2167.24	0.275707
2167.82	0.281838
2168.4	0.289962
2168.97	0.273937
2169.55	0.280902
2170.13	0.285877
2170.7	0.279833
2171.28	0.292986
2171.86	0.28549
2172.43	0.298655
2173.01	0.315581
2173.59	0.282062
2174.16	0.304567
2174.74	0.288641
2175.32	0.324773
2175.89	0.331278
2176.47	0.488986
2177.05	0.296806
2177.62	0.23859
2178.2	0.246958
2178.78	0.299044
2179.35	0.277741
2179.93	0.310245
2180.51	0.271523
2181.08	0.280633
2181.66	0.293062
2182.24	0.273226
2182.81	0.274569
2183.39	0.287397
2183.97	0.30585
2184.54	0.294172
2185.12	0.277003
2185.7	0.28602
2186.27	0.290754
2186.85	0.287338
2187.43	0.269736
2188	0.258597
2188.58	0.26696
2189.16	0.274905
2189.73	0.251607
2190.31	0.251285
2190.89	0.283986
2191.46	0.244295
2192.04	0.245587
2192.62	0.253422
2193.19	0.239261
2193.77	0.247419
2194.35	0.224884
2194.93	0.231484
2195.5	0.233692
2196.08	0.218095
2196.66	0.253457
2197.23	0.180923
2197.81	0.214224
2198.39	0.241825
2198.96	0.196285
2199.54	0.160972
2200.12	0.301365
2200.69	0.268771
2201.27	0.251803
2201.85	0.231042
2202.42	0.216747
2203	0.270715
2203.58	0.192425
2204.15	0.166223
2204.73	0.175316
2205.31	0.186313
2205.88	0.194577
2206.46	0.179851
2207.04	0.1838
2207.61	0.198214
2208.19	0.21987
2208.77	0.157006
2209.34	0.181668
2209.92	0.187459
2210.5	0.178236
2211.07	0.169082
2211.65	0.195291
2212.23	0.164816
2212.8	0.14847
2213.38	0.156132
2213.96	0.199522
2214.53	0.141546
2215.11	0.144671
2215.69	0.133195
2216.26	0.135572
2216.84	0.176689
2217.42	0.108995
2217.99	0.123436
2218.57	0.0868238
2219.15	0.132598
2219.72	0.143195
2220.3	0.12662
2220.88	0.112282
2221.45	0.109621
2222.03	0.182252
2222.61	0.216495
2223.18	0.311231
2223.76	0.257893
2224.34	0.251362
2224.91	0.0477967
2225.49	0.12089
2226.07	0.127029
2226.64	0.0696051
2227.22	0.162664
2227.8	0.0711799
2228.37	0.0759828
2228.95	0.0476444
2229.53	0.065845
2230.1	0.0935481
2230.68	0.0739875
2231.26	0.0851537
2231.83	0.0787539
2232.41	0.0683112
2232.99	0.0781011
2233.56	0.0470149
2234.14	0.0695811
2234.72	0.0491156
2235.29	0.0621032
2235.87	0.0582504
2236.45	0.0609939
2237.02	0.0505833
2237.6	0.0539194
2238.18	0.0426195
2238.75	0.0486957
2239.33	0.0424877
2239.91	0.0691541
2240.48	0.0375232
2241.06	0.066185
2241.64	0.0556859
2242.21	0.0754694
2242.79	0.0390923
2243.37	0.0560929
2243.94	0.0463438
2244.52	0.104615
2245.1	0.0677394
2245.67	0.105039
2246.25	0.166143
2246.83	0.0667122
2247.4	0.0646018
2247.98	0.0305434
2248.56	0.063032
2249.13	0.098002
2249.71	0.0647773
2250.29	0.0909115
2250.87	0.0560602
2251.44	0.0797126
2252.02	0.0813077
2252.6	0.0893915
2253.17	0.0898873
2253.75	0.0769534
2254.33	0.0851048
2254.9	0.0868942
2255.48	0.079589
2256.06	0.0794459
2256.63	0.0816768
2257.21	0.0935588
2257.79	0.0842975
2258.36	0.0767368
2258.94	0.077238
2259.52	0.0947217
2260.09	0.0724262
2260.67	0.0661181
2261.25	0.0659148
2261.82	0.0681213
2262.4	0.0916385
2262.98	0.0769998
2263.55	0.074094
2264.13	0.0933817
2264.71	0.0765505
2265.28	0.0708488
2265.86	0.115811
2266.44	0.0791679
2267.01	0.058502
2267.59	0.05612
2268.17	0.0845759
2268.74	0.102959
2269.32	0.374064
2269.9	0.175287
2270.47	0.124227
2271.05	0.0924924
2271.63	0.106879
2272.2	0.0696166
2272.78	0.0704222
2273.36	0.0807986
2273.93	0.0740663
2274.51	0.0875501
2275.09	0.100047
2275.66	0.0917437
2276.24	0.0850686
2276.82	0.0628478
2277.39	0.0775892
2277.97	0.074246
2278.55	0.0814081
2279.12	0.0718345
2279.7	0.0850035
2280.28	0.076845
2280.85	0.0826746
2281.43	0.0729708
2282.01	0.0800329
2282.58	0.0697941
2283.16	0.0564447
2283.74	0.0765462
2284.31	0.0666925
2284.89	0.0547816
2285.47	0.0809873
2286.04	0.0678687
2286.62	0.0611641
2287.2	0.0672385
2287.77	0.0528941
2288.35	0.0554269
2288.93	0.041829
2289.5	0.0901226
2290.08	0.0826908
2290.66	0.0711466
2291.23	0.0821357
2291.81	0.131269
2292.39	0.233225
2292.96	0.205125
2293.54	0.113409
2294.12	0.125392
2294.69	0.093
2295.27	0.0489371
2295.85	0.0971403
2296.42	0.0627122
2297	0.0696999
2297.58	0.0705918
2298.15	0.0700401
2298.73	0.078936
2299.31	0.0624561
2299.88	0.0742494
2300.46	0.0783946
2301.04	0.0681622
2301.61	0.0820219
2302.19	0.0638549
2302.77	0.0881066
2303.34	0.070439
2303.92	0.079127
2304.5	0.0711668
2305.07	0.0725558
2305.65	0.0872965
2306.23	0.0615486
2306.81	0.0603739
2307.38	0.0660108
2307.96	0.06169
2308.54	0.0807619
2309.11	0.0550512
2309.69	0.0775326
2310.27	0.0731145
2310.84	0.0678378
2311.42	0.0880638
2312	0.0611197
2312.57	0.0768197
2313.15	0.0919408
2313.73	0.105877
2314.3	0.154611
2314.88	0.0407989
2315.46	0.102151
2316.03	0.346863
2316.61	0.151608
2317.19	0.171504
2317.76	0.123266
2318.34	0.118006
2318.92	0.119024
2319.49	0.120405
2320.07	0.117365
2320.65	0.092253
2321.22	0.118832
2321.8	0.122798
2322.38	0.0998225
2322.95	0.115118
2323.53	0.101195
2324.11	0.119137
2324.68	0.0935553
2325.26	0.106796
2325.84	0.0991234
2326.41	0.0955095
2326.99	0.0943859
2327.57	0.105312
2328.14	0.133942
2328.72	0.11154
2329.3	0.112818
2329.87	0.109231
2330.45	0.10366
2331.03	0.129318
2331.6	0.112961
2332.18	0.105035
2332.76	0.113294
2333.33	0.112469
2333.91	0.11556
2334.49	0.122319
2335.06	0.122939
2335.64	0.142858
2336.22	0.121025
2336.79	0.139867
2337.37	0.068146
2337.95	0.0897274
2338.52	0.103738
2339.1	0.202986
2339.68	0.125562
2340.25	0.146594
2340.83	0.150076
2341.41	0.148899
2341.98	0.118762
2342.56	0.1156
2343.14	0.133682
2343.71	0.137322
2344.29	0.152055
2344.87	0.0988456
2345.44	0.166922
2346.02	0.181546
2346.6	0.170331
2347.17	0.178842
2347.75	0.184862
2348.33	0.180979
2348.9	0.205471
2349.48	0.18591
2350.06	0.227518
2350.63	0.221888
2351.21	0.197766
2351.79	0.235846
2352.36	0.267778
2352.94	0.24868
2353.52	0.2463
2354.09	0.281445
2354.67	0.30413
2355.25	0.298112
2355.82	0.327268
2356.4	0.366455
2356.98	0.404283
2357.55	0.425292
2358.13	0.47817
2358.71	0.579793
2359.28	0.726611
2359.86	0.836273
2360.44	1.13823
2361.01	1.59492
2361.59	3.38908
