0	0.00609871
1	0.0060997
2	0.00610268
3	0.00610763
4	0.00611455
5	0.00612345
6	0.0061343
7	0.00614711
8	0.00616187
9	0.00617856
10	0.00619717
11	0.00621769
12	0.0062401
13	0.00626439
14	0.00629054
15	0.00631854
16	0.00634835
17	0.00637998
18	0.00641338
19	0.00644855
20	0.00648546
21	0.00652409
22	0.00656441
23	0.00660641
24	0.00665006
25	0.00669533
26	0.00674221
27	0.00679067
28	0.00684068
29	0.00689222
30	0.00694528
31	0.00699981
32	0.00705581
33	0.00711325
34	0.0071721
35	0.00723235
36	0.00729396
37	0.00735693
38	0.00742122
39	0.00748681
40	0.0075537
41	0.00762185
42	0.00769124
43	0.00776187
44	0.0078337
45	0.00790672
46	0.00798092
47	0.00805627
48	0.00813276
49	0.00821038
50	0.00828911
51	0.00836893
52	0.00844983
53	0.0085318
54	0.00861482
55	0.00869888
56	0.00878398
57	0.00887009
58	0.00895721
59	0.00904533
60	0.00913443
61	0.00922452
62	0.00931557
63	0.00940759
64	0.00950056
65	0.00959448
66	0.00968933
67	0.00978513
68	0.00988185
69	0.00997949
70	0.0100781
71	0.0101775
72	0.0102779
73	0.0103792
74	0.0104814
75	0.0105845
76	0.0106885
77	0.0107934
78	0.0108992
79	0.0110059
80	0.0111135
81	0.0112219
82	0.0113313
83	0.0114416
84	0.0115527
85	0.0116648
86	0.0117777
87	0.0118916
88	0.0120063
89	0.012122
90	0.0122385
91	0.012356
92	0.0124744
93	0.0125937
94	0.0127139
95	0.0128351
96	0.0129572
97	0.0130802
98	0.0132042
99	0.0133291
100	0.013455
101	0.0135818
102	0.0137096
103	0.0138384
104	0.0139682
105	0.0140989
106	0.0142306
107	0.0143634
108	0.0144972
109	0.014632
110	0.0147678
111	0.0149047
112	0.0150426
113	0.0151816
114	0.0153216
115	0.0154627
116	0.015605
117	0.0157483
118	0.0158928
119	0.0160384
120	0.0161851
121	0.016333
122	0.016482
123	0.0166323
124	0.0167837
125	0.0169363
126	0.0170902
127	0.0172453
128	0.0174017
129	0.0175593
130	0.0177182
131	0.0178784
132	0.0180399
133	0.0182028
134	0.018367
135	0.0185326
136	0.0186996
137	0.018868
138	0.0190378
139	0.0192091
140	0.0193818
141	0.019556
142	0.0197318
143	0.019909
144	0.0200878
145	0.0202682
146	0.0204502
147	0.0206338
148	0.020819
149	0.0210059
150	0.0211945
151	0.0213849
152	0.0215769
153	0.0217708
154	0.0219664
155	0.0221639
156	0.0223632
157	0.0225644
158	0.0227676
159	0.0229726
160	0.0231797
161	0.0233887
162	0.0235999
163	0.023813
164	0.0240283
165	0.0242457
166	0.0244653
167	0.0246872
168	0.0249113
169	0.0251376
170	0.0253663
171	0.0255974
172	0.0258309
173	0.0260668
174	0.0263053
175	0.0265463
176	0.0267898
177	0.027036
178	0.0272849
179	0.0275365
180	0.0277909
181	0.0280481
182	0.0283082
183	0.0285713
184	0.0288373
185	0.0291064
186	0.0293786
187	0.0296539
188	0.0299325
189	0.0302143
190	0.0304995
191	0.0307881
192	0.0310802
193	0.0313759
194	0.0316752
195	0.0319781
196	0.0322849
197	0.0325954
198	0.0329099
199	0.0332285
200	0.033551
201	0.0338778
202	0.0342088
203	0.0345442
204	0.0348841
205	0.0352284
206	0.0355774
207	0.0359311
208	0.0362897
209	0.0366533
210	0.0370218
211	0.0373956
212	0.0377746
213	0.0381591
214	0.0385491
215	0.0389447
216	0.0393461
217	0.0397535
218	0.0401669
219	0.0405866
220	0.0410126
221	0.0414451
222	0.0418842
223	0.0423302
224	0.0427833
225	0.0432434
226	0.043711
227	0.0441861
228	0.0446689
229	0.0451597
230	0.0456586
231	0.0461659
232	0.0466817
233	0.0472064
234	0.04774
235	0.048283
236	0.0488355
237	0.0493979
238	0.0499703
239	0.050553
240	0.0511464
241	0.0517508
242	0.0523665
243	0.0529938
244	0.053633
245	0.0542845
246	0.0549487
247	0.055626
248	0.0563167
249	0.0570213
250	0.0577402
251	0.0584739
252	0.0592228
253	0.0599874
254	0.0607683
255	0.061566
256	0.062381
257	0.0632139
258	0.0640654
259	0.0649361
260	0.0658266
261	0.0667376
262	0.0676699
263	0.0686243
264	0.0696015
265	0.0706024
266	0.071628
267	0.072679
268	0.0737566
269	0.0748617
270	0.0759954
271	0.0771589
272	0.0783534
273	0.0795801
274	0.0808404
275	0.0821358
276	0.0834676
277	0.0848376
278	0.0862473
279	0.0876986
280	0.0891933
281	0.0907335
282	0.0923212
283	0.0939588
284	0.0956486
285	0.0973933
286	0.0991955
287	0.101058
288	0.102984
289	0.104978
290	0.107041
291	0.109179
292	0.111396
293	0.113695
294	0.116082
295	0.118562
296	0.121141
297	0.123823
298	0.126617
299	0.129529
300	0.132566
301	0.135737
302	0.139051
303	0.142519
304	0.14615
305	0.149957
306	0.153953
307	0.158153
308	0.162573
309	0.167229
310	0.172143
311	0.177336
312	0.182832
313	0.188659
314	0.194848
315	0.201434
316	0.208456
317	0.215959
318	0.223995
319	0.232622
320	0.241908
321	0.251932
322	0.262786
323	0.274577
324	0.287432
325	0.301503
326	0.31697
327	0.334052
328	0.353017
329	0.374194
330	0.397994
331	0.424938
332	0.455692
333	0.491127
334	0.5324
335	0.581084
336	0.639371
337	0.710417
338	0.798926
339	0.912238
340	1.06248
341	1.27124
342	1.58093
343	2.08816
344	3.0704
345	5.7825
346	48.4916
347	7.61884
348	3.53738
349	2.30571
350	1.71149
351	1.36157
352	1.13099
353	0.967584
354	0.845733
355	0.751372
356	0.67614
357	0.614756
358	0.563717
359	0.520612
360	0.483724
361	0.451797
362	0.423894
363	0.399299
364	0.377456
365	0.357928
366	0.340365
367	0.324485
368	0.310056
369	0.296889
370	0.284824
371	0.273729
372	0.263491
373	0.254015
374	0.245218
375	0.23703
376	0.229389
377	0.222243
378	0.215545
379	0.209254
380	0.203335
381	0.197754
382	0.192483
383	0.187499
384	0.182777
385	0.178297
386	0.174042
387	0.169994
388	0.16614
389	0.162465
390	0.158957
391	0.155605
392	0.152399
393	0.149329
394	0.146387
395	0.143565
396	0.140856
397	0.138254
398	0.135751
399	0.133342
400	0.131023
401	0.128788
402	0.126633
403	0.124553
404	0.122545
405	0.120604
406	0.118728
407	0.116914
408	0.115158
409	0.113457
410	0.11181
411	0.110213
412	0.108664
413	0.107162
414	0.105703
415	0.104287
416	0.102911
417	0.101573
418	0.100273
419	0.0990076
420	0.0977766
421	0.0965782
422	0.0954113
423	0.0942745
424	0.0931667
425	0.0920868
426	0.0910338
427	0.0900066
428	0.0890043
429	0.088026
430	0.0870709
431	0.086138
432	0.0852268
433	0.0843363
434	0.083466
435	0.082615
436	0.0817829
437	0.0809689
438	0.0801724
439	0.079393
440	0.07863
441	0.0778829
442	0.0771513
443	0.0764346
444	0.0757324
445	0.0750443
446	0.0743698
447	0.0737085
448	0.0730601
449	0.0724242
450	0.0718004
451	0.0711883
452	0.0705877
453	0.0699982
454	0.0694194
455	0.0688512
456	0.0682932
457	0.0677452
458	0.0672068
459	0.0666779
460	0.0661581
461	0.0656472
462	0.0651451
463	0.0646514
464	0.064166
465	0.0636887
466	0.0632192
467	0.0627574
468	0.062303
469	0.0618559
470	0.061416
471	0.060983
472	0.0605568
473	0.0601371
474	0.059724
475	0.0593172
476	0.0589165
477	0.0585219
478	0.0581331
479	0.0577502
480	0.0573728
481	0.0570009
482	0.0566345
483	0.0562733
484	0.0559172
485	0.0555662
486	0.0552201
487	0.0548789
488	0.0545424
489	0.0542105
490	0.0538831
491	0.0535602
492	0.0532416
493	0.0529273
494	0.0526172
495	0.0523111
496	0.0520091
497	0.051711
498	0.0514167
499	0.0511262
500	0.0508394
501	0.0505562
502	0.0502766
503	0.0500005
504	0.0497279
505	0.0494585
506	0.0491925
507	0.0489298
508	0.0486702
509	0.0484137
510	0.0481603
511	0.0479099
512	0.0476624
513	0.0474179
514	0.0471762
515	0.0469373
516	0.0467011
517	0.0464677
518	0.0462369
519	0.0460087
520	0.0457831
521	0.04556
522	0.0453394
523	0.0451212
524	0.0449054
525	0.044692
526	0.0444809
527	0.0442721
528	0.0440655
529	0.0438611
530	0.0436589
531	0.0434588
532	0.0432608
533	0.0430649
534	0.042871
535	0.0426791
536	0.0424892
537	0.0423013
538	0.0421152
539	0.041931
540	0.0417487
541	0.0415682
542	0.0413895
543	0.0412125
544	0.0410373
545	0.0408638
546	0.040692
547	0.0405219
548	0.0403534
549	0.0401865
550	0.0400212
551	0.0398575
552	0.0396953
553	0.0395347
554	0.0393755
555	0.0392179
556	0.0390617
557	0.0389069
558	0.0387536
559	0.0386016
560	0.0384511
561	0.0383019
562	0.038154
563	0.0380075
564	0.0378622
565	0.0377183
566	0.0375756
567	0.0374342
568	0.037294
569	0.037155
570	0.0370173
571	0.0368807
572	0.0367453
573	0.0366111
574	0.036478
575	0.036346
576	0.0362151
577	0.0360854
578	0.0359567
579	0.0358291
580	0.0357026
581	0.0355771
582	0.0354526
583	0.0353291
584	0.0352067
585	0.0350852
586	0.0349647
587	0.0348452
588	0.0347267
589	0.0346091
590	0.0344924
591	0.0343766
592	0.0342618
593	0.0341478
594	0.0340348
595	0.0339226
596	0.0338113
597	0.0337008
598	0.0335912
599	0.0334825
600	0.0333745
601	0.0332674
602	0.0331611
603	0.0330556
604	0.0329509
605	0.0328469
606	0.0327438
607	0.0326414
608	0.0325397
609	0.0324388
610	0.0323387
611	0.0322392
612	0.0321405
613	0.0320425
614	0.0319452
615	0.0318486
616	0.0317527
617	0.0316575
618	0.031563
619	0.0314691
620	0.0313759
621	0.0312833
622	0.0311914
623	0.0311001
624	0.0310095
625	0.0309195
626	0.0308301
627	0.0307413
628	0.0306531
629	0.0305656
630	0.0304786
631	0.0303922
632	0.0303064
633	0.0302212
634	0.0301365
635	0.0300524
636	0.0299689
637	0.0298859
638	0.0298034
639	0.0297215
640	0.0296402
641	0.0295594
642	0.0294791
643	0.0293993
644	0.02932
645	0.0292413
646	0.029163
647	0.0290853
648	0.029008
649	0.0289312
650	0.028855
651	0.0287792
652	0.0287039
653	0.028629
654	0.0285546
655	0.0284807
656	0.0284073
657	0.0283343
658	0.0282617
659	0.0281896
660	0.0281179
661	0.0280467
662	0.0279759
663	0.0279056
664	0.0278356
665	0.0277661
666	0.027697
667	0.0276283
668	0.02756
669	0.0274922
670	0.0274247
671	0.0273576
672	0.027291
673	0.0272247
674	0.0271588
675	0.0270933
676	0.0270282
677	0.0269634
678	0.0268991
679	0.0268351
680	0.0267714
681	0.0267082
682	0.0266453
683	0.0265827
684	0.0265205
685	0.0264587
686	0.0263972
687	0.026336
688	0.0262752
689	0.0262148
690	0.0261547
691	0.0260949
692	0.0260354
693	0.0259763
694	0.0259175
695	0.025859
696	0.0258009
697	0.025743
698	0.0256855
699	0.0256283
700	0.0255714
701	0.0255148
702	0.0254585
703	0.0254026
704	0.0253469
705	0.0252915
706	0.0252364
707	0.0251816
708	0.0251271
709	0.0250729
710	0.025019
711	0.0249653
712	0.024912
713	0.0248589
714	0.0248061
715	0.0247535
716	0.0247013
717	0.0246493
718	0.0245976
719	0.0245461
720	0.0244949
721	0.024444
722	0.0243933
723	0.0243429
724	0.0242928
725	0.0242429
726	0.0241932
727	0.0241438
728	0.0240947
729	0.0240458
730	0.0239971
731	0.0239487
732	0.0239005
733	0.0238526
734	0.0238049
735	0.0237574
736	0.0237102
737	0.0236632
738	0.0236164
739	0.0235699
740	0.0235236
741	0.0234775
742	0.0234316
743	0.023386
744	0.0233406
745	0.0232954
746	0.0232504
747	0.0232056
748	0.023161
749	0.0231167
750	0.0230726
751	0.0230286
752	0.0229849
753	0.0229414
754	0.0228981
755	0.022855
756	0.0228121
757	0.0227694
758	0.0227269
759	0.0226846
760	0.0226425
761	0.0226006
762	0.0225589
763	0.0225174
764	0.022476
765	0.0224349
766	0.0223939
767	0.0223532
768	0.0223126
769	0.0222722
770	0.022232
771	0.0221919
772	0.0221521
773	0.0221124
774	0.0220729
775	0.0220336
776	0.0219945
777	0.0219555
778	0.0219167
779	0.0218781
780	0.0218396
781	0.0218013
782	0.0217632
783	0.0217253
784	0.0216875
785	0.0216499
786	0.0216125
787	0.0215752
788	0.0215381
789	0.0215011
790	0.0214643
791	0.0214277
792	0.0213912
793	0.0213549
794	0.0213187
795	0.0212827
796	0.0212468
797	0.0212111
798	0.0211756
799	0.0211402
800	0.0211049
801	0.0210698
802	0.0210349
803	0.021
804	0.0209654
805	0.0209309
806	0.0208965
807	0.0208623
808	0.0208282
809	0.0207943
810	0.0207605
811	0.0207268
812	0.0206933
813	0.0206599
814	0.0206266
815	0.0205935
816	0.0205606
817	0.0205277
818	0.020495
819	0.0204625
820	0.02043
821	0.0203977
822	0.0203655
823	0.0203335
824	0.0203016
825	0.0202698
826	0.0202381
827	0.0202066
828	0.0201752
829	0.0201439
830	0.0201128
831	0.0200817
832	0.0200508
833	0.0200201
834	0.0199894
835	0.0199589
836	0.0199284
837	0.0198981
838	0.019868
839	0.0198379
840	0.019808
841	0.0197781
842	0.0197484
843	0.0197188
844	0.0196893
845	0.01966
846	0.0196307
847	0.0196016
848	0.0195726
849	0.0195436
850	0.0195148
851	0.0194861
852	0.0194576
853	0.0194291
854	0.0194007
855	0.0193725
856	0.0193443
857	0.0193163
858	0.0192883
859	0.0192605
860	0.0192328
861	0.0192052
862	0.0191776
863	0.0191502
864	0.0191229
865	0.0190957
866	0.0190686
867	0.0190416
868	0.0190147
869	0.0189879
870	0.0189612
871	0.0189346
872	0.0189081
873	0.0188817
874	0.0188553
875	0.0188291
876	0.018803
877	0.018777
878	0.018751
879	0.0187252
880	0.0186995
881	0.0186738
882	0.0186483
883	0.0186228
884	0.0185974
885	0.0185722
886	0.018547
887	0.0185219
888	0.0184969
889	0.0184719
890	0.0184471
891	0.0184224
892	0.0183977
893	0.0183732
894	0.0183487
895	0.0183243
896	0.0183
897	0.0182758
898	0.0182517
899	0.0182276
900	0.0182037
901	0.0181798
902	0.018156
903	0.0181323
904	0.0181087
905	0.0180851
906	0.0180617
907	0.0180383
908	0.018015
909	0.0179918
910	0.0179687
911	0.0179456
912	0.0179226
913	0.0178997
914	0.0178769
915	0.0178542
916	0.0178315
917	0.0178089
918	0.0177864
919	0.017764
920	0.0177417
921	0.0177194
922	0.0176972
923	0.0176751
924	0.017653
925	0.017631
926	0.0176091
927	0.0175873
928	0.0175656
929	0.0175439
930	0.0175223
931	0.0175008
932	0.0174793
933	0.0174579
934	0.0174366
935	0.0174153
936	0.0173942
937	0.0173731
938	0.017352
939	0.0173311
940	0.0173102
941	0.0172894
942	0.0172686
943	0.0172479
944	0.0172273
945	0.0172067
946	0.0171863
947	0.0171659
948	0.0171455
949	0.0171252
950	0.017105
951	0.0170849
952	0.0170648
953	0.0170448
954	0.0170248
955	0.0170049
956	0.0169851
957	0.0169653
958	0.0169456
959	0.016926
960	0.0169064
961	0.0168869
962	0.0168675
963	0.0168481
964	0.0168288
965	0.0168095
966	0.0167903
967	0.0167712
968	0.0167521
969	0.0167331
970	0.0167142
971	0.0166953
972	0.0166764
973	0.0166577
974	0.016639
975	0.0166203
976	0.0166017
977	0.0165832
978	0.0165647
979	0.0165463
980	0.0165279
981	0.0165096
982	0.0164914
983	0.0164732
984	0.0164551
985	0.016437
986	0.016419
987	0.016401
988	0.0163831
989	0.0163652
990	0.0163474
991	0.0163297
992	0.016312
993	0.0162944
994	0.0162768
995	0.0162593
996	0.0162418
997	0.0162244
998	0.016207
999	0.0161897
1000	0.0161725
1001	0.0161553
1002	0.0161381
1003	0.016121
1004	0.016104
1005	0.016087
1006	0.0160701
1007	0.0160532
1008	0.0160363
1009	0.0160195
1010	0.0160028
1011	0.0159861
1012	0.0159695
1013	0.0159529
1014	0.0159364
1015	0.0159199
1016	0.0159034
1017	0.015887
1018	0.0158707
1019	0.0158544
1020	0.0158382
1021	0.015822
1022	0.0158058
1023	0.0157898
1024	0.0157737
1025	0.0157577
1026	0.0157418
1027	0.0157258
1028	0.01571
1029	0.0156942
1030	0.0156784
1031	0.0156627
1032	0.015647
1033	0.0156314
1034	0.0156158
1035	0.0156003
1036	0.0155848
1037	0.0155694
1038	0.015554
1039	0.0155386
1040	0.0155233
1041	0.0155081
1042	0.0154928
1043	0.0154777
1044	0.0154625
1045	0.0154475
1046	0.0154324
1047	0.0154174
1048	0.0154025
1049	0.0153876
1050	0.0153727
1051	0.0153579
1052	0.0153431
1053	0.0153284
1054	0.0153137
1055	0.015299
1056	0.0152844
1057	0.0152698
1058	0.0152553
1059	0.0152408
1060	0.0152264
1061	0.015212
1062	0.0151976
1063	0.0151833
1064	0.015169
1065	0.0151548
1066	0.0151406
1067	0.0151264
1068	0.0151123
1069	0.0150982
1070	0.0150842
1071	0.0150702
1072	0.0150562
1073	0.0150423
1074	0.0150284
1075	0.0150146
1076	0.0150008
1077	0.014987
1078	0.0149733
1079	0.0149596
1080	0.014946
1081	0.0149324
1082	0.0149188
1083	0.0149053
1084	0.0148918
1085	0.0148783
1086	0.0148649
1087	0.0148515
1088	0.0148382
1089	0.0148249
1090	0.0148116
1091	0.0147984
1092	0.0147852
1093	0.014772
1094	0.0147589
1095	0.0147458
1096	0.0147328
1097	0.0147198
1098	0.0147068
1099	0.0146938
1100	0.0146809
1101	0.0146681
1102	0.0146552
1103	0.0146424
1104	0.0146297
1105	0.0146169
1106	0.0146043
1107	0.0145916
1108	0.014579
1109	0.0145664
1110	0.0145538
1111	0.0145413
1112	0.0145288
1113	0.0145164
1114	0.014504
1115	0.0144916
1116	0.0144792
1117	0.0144669
1118	0.0144546
1119	0.0144424
1120	0.0144302
1121	0.014418
1122	0.0144058
1123	0.0143937
1124	0.0143816
1125	0.0143696
1126	0.0143575
1127	0.0143456
1128	0.0143336
1129	0.0143217
1130	0.0143098
1131	0.0142979
1132	0.0142861
1133	0.0142743
1134	0.0142625
1135	0.0142508
1136	0.0142391
1137	0.0142274
1138	0.0142158
1139	0.0142042
1140	0.0141926
1141	0.0141811
1142	0.0141696
1143	0.0141581
1144	0.0141466
1145	0.0141352
1146	0.0141238
1147	0.0141125
1148	0.0141011
1149	0.0140898
1150	0.0140786
1151	0.0140673
1152	0.0140561
1153	0.0140449
1154	0.0140338
1155	0.0140227
1156	0.0140116
1157	0.0140005
1158	0.0139895
1159	0.0139785
1160	0.0139675
1161	0.0139565
1162	0.0139456
1163	0.0139347
1164	0.0139239
1165	0.013913
1166	0.0139022
1167	0.0138915
1168	0.0138807
1169	0.01387
1170	0.0138593
1171	0.0138486
1172	0.013838
1173	0.0138274
1174	0.0138168
1175	0.0138063
1176	0.0137957
1177	0.0137852
1178	0.0137748
1179	0.0137643
1180	0.0137539
1181	0.0137435
1182	0.0137332
1183	0.0137228
1184	0.0137125
1185	0.0137023
1186	0.013692
1187	0.0136818
1188	0.0136716
1189	0.0136614
1190	0.0136512
1191	0.0136411
1192	0.013631
1193	0.013621
1194	0.0136109
1195	0.0136009
1196	0.0135909
1197	0.0135809
1198	0.013571
1199	0.0135611
1200	0.0135512
1201	0.0135413
1202	0.0135315
1203	0.0135217
1204	0.0135119
1205	0.0135021
1206	0.0134924
1207	0.0134827
1208	0.013473
1209	0.0134633
1210	0.0134537
1211	0.0134441
1212	0.0134345
1213	0.0134249
1214	0.0134154
1215	0.0134059
1216	0.0133964
1217	0.0133869
1218	0.0133775
1219	0.013368
1220	0.0133586
1221	0.0133493
1222	0.0133399
1223	0.0133306
1224	0.0133213
1225	0.013312
1226	0.0133028
1227	0.0132935
1228	0.0132843
1229	0.0132752
1230	0.013266
1231	0.0132569
1232	0.0132477
1233	0.0132387
1234	0.0132296
1235	0.0132205
1236	0.0132115
1237	0.0132025
1238	0.0131936
1239	0.0131846
1240	0.0131757
1241	0.0131668
1242	0.0131579
1243	0.013149
1244	0.0131402
1245	0.0131314
1246	0.0131226
1247	0.0131138
1248	0.013105
1249	0.0130963
1250	0.0130876
1251	0.0130789
1252	0.0130702
1253	0.0130616
1254	0.013053
1255	0.0130444
1256	0.0130358
1257	0.0130272
1258	0.0130187
1259	0.0130102
1260	0.0130017
1261	0.0129932
1262	0.0129848
1263	0.0129764
1264	0.0129679
1265	0.0129596
1266	0.0129512
1267	0.0129429
1268	0.0129345
1269	0.0129262
1270	0.0129179
1271	0.0129097
1272	0.0129014
1273	0.0128932
1274	0.012885
1275	0.0128768
1276	0.0128687
1277	0.0128605
1278	0.0128524
1279	0.0128443
1280	0.0128362
1281	0.0128282
1282	0.0128202
1283	0.0128121
1284	0.0128041
1285	0.0127962
1286	0.0127882
1287	0.0127803
1288	0.0127723
1289	0.0127644
1290	0.0127566
1291	0.0127487
1292	0.0127409
1293	0.012733
1294	0.0127252
1295	0.0127175
1296	0.0127097
1297	0.012702
1298	0.0126942
1299	0.0126865
1300	0.0126788
1301	0.0126712
1302	0.0126635
1303	0.0126559
1304	0.0126483
1305	0.0126407
1306	0.0126331
1307	0.0126256
1308	0.012618
1309	0.0126105
1310	0.012603
1311	0.0125955
1312	0.0125881
1313	0.0125806
1314	0.0125732
1315	0.0125658
1316	0.0125584
1317	0.012551
1318	0.0125437
1319	0.0125363
1320	0.012529
1321	0.0125217
1322	0.0125145
1323	0.0125072
1324	0.0125
1325	0.0124927
1326	0.0124855
1327	0.0124783
1328	0.0124712
1329	0.012464
1330	0.0124569
1331	0.0124497
1332	0.0124426
1333	0.0124356
1334	0.0124285
1335	0.0124214
1336	0.0124144
1337	0.0124074
1338	0.0124004
1339	0.0123934
1340	0.0123865
1341	0.0123795
1342	0.0123726
1343	0.0123657
1344	0.0123588
1345	0.0123519
1346	0.012345
1347	0.0123382
1348	0.0123314
1349	0.0123246
1350	0.0123178
1351	0.012311
1352	0.0123042
1353	0.0122975
1354	0.0122908
1355	0.012284
1356	0.0122773
1357	0.0122707
1358	0.012264
1359	0.0122574
1360	0.0122507
1361	0.0122441
1362	0.0122375
1363	0.012231
1364	0.0122244
1365	0.0122178
1366	0.0122113
1367	0.0122048
1368	0.0121983
1369	0.0121918
1370	0.0121853
1371	0.0121789
1372	0.0121725
1373	0.012166
1374	0.0121596
1375	0.0121532
1376	0.0121469
1377	0.0121405
1378	0.0121342
1379	0.0121279
1380	0.0121215
1381	0.0121153
1382	0.012109
1383	0.0121027
1384	0.0120965
1385	0.0120902
1386	0.012084
1387	0.0120778
1388	0.0120716
1389	0.0120655
1390	0.0120593
1391	0.0120532
1392	0.012047
1393	0.0120409
1394	0.0120348
1395	0.0120287
1396	0.0120227
1397	0.0120166
1398	0.0120106
1399	0.0120046
1400	0.0119986
1401	0.0119926
1402	0.0119866
1403	0.0119806
1404	0.0119747
1405	0.0119688
1406	0.0119628
1407	0.0119569
1408	0.0119511
1409	0.0119452
1410	0.0119393
1411	0.0119335
1412	0.0119277
1413	0.0119218
1414	0.011916
1415	0.0119102
1416	0.0119045
1417	0.0118987
1418	0.011893
1419	0.0118872
1420	0.0118815
1421	0.0118758
1422	0.0118701
1423	0.0118645
1424	0.0118588
1425	0.0118532
1426	0.0118475
1427	0.0118419
1428	0.0118363
1429	0.0118307
1430	0.0118252
1431	0.0118196
1432	0.011814
1433	0.0118085
1434	0.011803
1435	0.0117975
1436	0.011792
1437	0.0117865
1438	0.011781
1439	0.0117756
1440	0.0117702
1441	0.0117647
1442	0.0117593
1443	0.0117539
1444	0.0117485
1445	0.0117432
1446	0.0117378
1447	0.0117325
1448	0.0117271
1449	0.0117218
1450	0.0117165
1451	0.0117112
1452	0.011706
1453	0.0117007
1454	0.0116954
1455	0.0116902
1456	0.011685
1457	0.0116798
1458	0.0116746
1459	0.0116694
1460	0.0116642
1461	0.0116591
1462	0.0116539
1463	0.0116488
1464	0.0116437
1465	0.0116385
1466	0.0116335
1467	0.0116284
1468	0.0116233
1469	0.0116182
1470	0.0116132
1471	0.0116082
1472	0.0116032
1473	0.0115982
1474	0.0115932
1475	0.0115882
1476	0.0115832
1477	0.0115783
1478	0.0115733
1479	0.0115684
1480	0.0115635
1481	0.0115586
1482	0.0115537
1483	0.0115488
1484	0.0115439
1485	0.0115391
1486	0.0115342
1487	0.0115294
1488	0.0115246
1489	0.0115198
1490	0.011515
1491	0.0115102
1492	0.0115054
1493	0.0115007
1494	0.0114959
1495	0.0114912
1496	0.0114865
1497	0.0114818
1498	0.0114771
1499	0.0114724
1500	0.0114677
1501	0.0114631
1502	0.0114584
1503	0.0114538
1504	0.0114491
1505	0.0114445
1506	0.0114399
1507	0.0114353
1508	0.0114308
1509	0.0114262
1510	0.0114216
1511	0.0114171
1512	0.0114126
1513	0.0114081
1514	0.0114035
1515	0.0113991
1516	0.0113946
1517	0.0113901
1518	0.0113856
1519	0.0113812
1520	0.0113768
1521	0.0113723
1522	0.0113679
1523	0.0113635
1524	0.0113591
1525	0.0113547
1526	0.0113504
1527	0.011346
1528	0.0113417
1529	0.0113373
1530	0.011333
1531	0.0113287
1532	0.0113244
1533	0.0113201
1534	0.0113158
1535	0.0113116
1536	0.0113073
1537	0.0113031
1538	0.0112988
1539	0.0112946
1540	0.0112904
1541	0.0112862
1542	0.011282
1543	0.0112778
1544	0.0112737
1545	0.0112695
1546	0.0112654
1547	0.0112612
1548	0.0112571
1549	0.011253
1550	0.0112489
1551	0.0112448
1552	0.0112407
1553	0.0112367
1554	0.0112326
1555	0.0112286
1556	0.0112245
1557	0.0112205
1558	0.0112165
1559	0.0112125
1560	0.0112085
1561	0.0112045
1562	0.0112006
1563	0.0111966
1564	0.0111926
1565	0.0111887
1566	0.0111848
1567	0.0111809
1568	0.011177
1569	0.0111731
1570	0.0111692
1571	0.0111653
1572	0.0111614
1573	0.0111576
1574	0.0111537
1575	0.0111499
1576	0.0111461
1577	0.0111423
1578	0.0111385
1579	0.0111347
1580	0.0111309
1581	0.0111271
1582	0.0111234
1583	0.0111196
1584	0.0111159
1585	0.0111122
1586	0.0111084
1587	0.0111047
1588	0.011101
1589	0.0110973
1590	0.0110937
1591	0.01109
1592	0.0110863
1593	0.0110827
1594	0.0110791
1595	0.0110754
1596	0.0110718
1597	0.0110682
1598	0.0110646
1599	0.011061
1600	0.0110574
1601	0.0110539
1602	0.0110503
1603	0.0110468
1604	0.0110432
1605	0.0110397
1606	0.0110362
1607	0.0110327
1608	0.0110292
1609	0.0110257
1610	0.0110222
1611	0.0110188
1612	0.0110153
1613	0.0110119
1614	0.0110084
1615	0.011005
1616	0.0110016
1617	0.0109982
1618	0.0109948
1619	0.0109914
1620	0.010988
1621	0.0109846
1622	0.0109813
1623	0.0109779
1624	0.0109746
1625	0.0109713
1626	0.0109679
1627	0.0109646
1628	0.0109613
1629	0.010958
1630	0.0109547
1631	0.0109515
1632	0.0109482
1633	0.010945
1634	0.0109417
1635	0.0109385
1636	0.0109353
1637	0.010932
1638	0.0109288
1639	0.0109256
1640	0.0109224
1641	0.0109193
1642	0.0109161
1643	0.0109129
1644	0.0109098
1645	0.0109066
1646	0.0109035
1647	0.0109004
1648	0.0108973
1649	0.0108942
1650	0.0108911
1651	0.010888
1652	0.0108849
1653	0.0108819
1654	0.0108788
1655	0.0108758
1656	0.0108727
1657	0.0108697
1658	0.0108667
1659	0.0108637
1660	0.0108607
1661	0.0108577
1662	0.0108547
1663	0.0108517
1664	0.0108487
1665	0.0108458
1666	0.0108428
1667	0.0108399
1668	0.010837
1669	0.0108341
1670	0.0108312
1671	0.0108283
1672	0.0108254
1673	0.0108225
1674	0.0108196
1675	0.0108167
1676	0.0108139
1677	0.010811
1678	0.0108082
1679	0.0108054
1680	0.0108025
1681	0.0107997
1682	0.0107969
1683	0.0107941
1684	0.0107914
1685	0.0107886
1686	0.0107858
1687	0.0107831
1688	0.0107803
1689	0.0107776
1690	0.0107748
1691	0.0107721
1692	0.0107694
1693	0.0107667
1694	0.010764
1695	0.0107613
1696	0.0107586
1697	0.010756
1698	0.0107533
1699	0.0107506
1700	0.010748
1701	0.0107454
1702	0.0107427
1703	0.0107401
1704	0.0107375
1705	0.0107349
1706	0.0107323
1707	0.0107297
1708	0.0107272
1709	0.0107246
1710	0.010722
1711	0.0107195
1712	0.0107169
1713	0.0107144
1714	0.0107119
1715	0.0107094
1716	0.0107069
1717	0.0107044
1718	0.0107019
1719	0.0106994
1720	0.0106969
1721	0.0106945
1722	0.010692
1723	0.0106896
1724	0.0106871
1725	0.0106847
1726	0.0106823
1727	0.0106799
1728	0.0106775
1729	0.0106751
1730	0.0106727
1731	0.0106703
1732	0.0106679
1733	0.0106656
1734	0.0106632
1735	0.0106609
1736	0.0106585
1737	0.0106562
1738	0.0106539
1739	0.0106516
1740	0.0106493
1741	0.010647
1742	0.0106447
1743	0.0106424
1744	0.0106401
1745	0.0106379
1746	0.0106356
1747	0.0106333
1748	0.0106311
1749	0.0106289
1750	0.0106267
1751	0.0106244
1752	0.0106222
1753	0.01062
1754	0.0106179
1755	0.0106157
1756	0.0106135
1757	0.0106113
1758	0.0106092
1759	0.010607
1760	0.0106049
1761	0.0106028
1762	0.0106006
1763	0.0105985
1764	0.0105964
1765	0.0105943
1766	0.0105922
1767	0.0105901
1768	0.0105881
1769	0.010586
1770	0.0105839
1771	0.0105819
1772	0.0105798
1773	0.0105778
1774	0.0105758
1775	0.0105737
1776	0.0105717
1777	0.0105697
1778	0.0105677
1779	0.0105657
1780	0.0105638
1781	0.0105618
1782	0.0105598
1783	0.0105579
1784	0.0105559
1785	0.010554
1786	0.010552
1787	0.0105501
1788	0.0105482
1789	0.0105463
1790	0.0105444
1791	0.0105425
1792	0.0105406
1793	0.0105387
1794	0.0105369
1795	0.010535
1796	0.0105332
1797	0.0105313
1798	0.0105295
1799	0.0105276
1800	0.0105258
1801	0.010524
1802	0.0105222
1803	0.0105204
1804	0.0105186
1805	0.0105168
1806	0.010515
1807	0.0105133
1808	0.0105115
1809	0.0105098
1810	0.010508
1811	0.0105063
1812	0.0105045
1813	0.0105028
1814	0.0105011
1815	0.0104994
1816	0.0104977
1817	0.010496
1818	0.0104943
1819	0.0104927
1820	0.010491
1821	0.0104893
1822	0.0104877
1823	0.010486
1824	0.0104844
1825	0.0104828
1826	0.0104811
1827	0.0104795
1828	0.0104779
1829	0.0104763
1830	0.0104747
1831	0.0104731
1832	0.0104716
1833	0.01047
1834	0.0104684
1835	0.0104669
1836	0.0104653
1837	0.0104638
1838	0.0104623
1839	0.0104607
1840	0.0104592
1841	0.0104577
1842	0.0104562
1843	0.0104547
1844	0.0104532
1845	0.0104518
1846	0.0104503
1847	0.0104488
1848	0.0104474
1849	0.0104459
1850	0.0104445
1851	0.010443
1852	0.0104416
1853	0.0104402
1854	0.0104388
1855	0.0104374
1856	0.010436
1857	0.0104346
1858	0.0104332
1859	0.0104318
1860	0.0104305
1861	0.0104291
1862	0.0104278
1863	0.0104264
1864	0.0104251
1865	0.0104237
1866	0.0104224
1867	0.0104211
1868	0.0104198
1869	0.0104185
1870	0.0104172
1871	0.0104159
1872	0.0104146
1873	0.0104134
1874	0.0104121
1875	0.0104109
1876	0.0104096
1877	0.0104084
1878	0.0104071
1879	0.0104059
1880	0.0104047
1881	0.0104035
1882	0.0104023
1883	0.0104011
1884	0.0103999
1885	0.0103987
1886	0.0103975
1887	0.0103964
1888	0.0103952
1889	0.010394
1890	0.0103929
1891	0.0103918
1892	0.0103906
1893	0.0103895
1894	0.0103884
1895	0.0103873
1896	0.0103862
1897	0.0103851
1898	0.010384
1899	0.0103829
1900	0.0103818
1901	0.0103808
1902	0.0103797
1903	0.0103787
1904	0.0103776
1905	0.0103766
1906	0.0103755
1907	0.0103745
1908	0.0103735
1909	0.0103725
1910	0.0103715
1911	0.0103705
1912	0.0103695
1913	0.0103685
1914	0.0103676
1915	0.0103666
1916	0.0103656
1917	0.0103647
1918	0.0103637
1919	0.0103628
1920	0.0103619
1921	0.010361
1922	0.01036
1923	0.0103591
1924	0.0103582
1925	0.0103573
1926	0.0103565
1927	0.0103556
1928	0.0103547
1929	0.0103538
1930	0.010353
1931	0.0103521
1932	0.0103513
1933	0.0103504
1934	0.0103496
1935	0.0103488
1936	0.010348
1937	0.0103472
1938	0.0103464
1939	0.0103456
1940	0.0103448
1941	0.010344
1942	0.0103432
1943	0.0103425
1944	0.0103417
1945	0.010341
1946	0.0103402
1947	0.0103395
1948	0.0103388
1949	0.010338
1950	0.0103373
1951	0.0103366
1952	0.0103359
1953	0.0103352
1954	0.0103345
1955	0.0103338
1956	0.0103332
1957	0.0103325
1958	0.0103318
1959	0.0103312
1960	0.0103305
1961	0.0103299
1962	0.0103293
1963	0.0103287
1964	0.010328
1965	0.0103274
1966	0.0103268
1967	0.0103262
1968	0.0103256
1969	0.0103251
1970	0.0103245
1971	0.0103239
1972	0.0103233
1973	0.0103228
1974	0.0103222
1975	0.0103217
1976	0.0103212
1977	0.0103207
1978	0.0103201
1979	0.0103196
1980	0.0103191
1981	0.0103186
1982	0.0103181
1983	0.0103176
1984	0.0103172
1985	0.0103167
1986	0.0103162
1987	0.0103158
1988	0.0103153
1989	0.0103149
1990	0.0103145
1991	0.010314
1992	0.0103136
1993	0.0103132
1994	0.0103128
1995	0.0103124
1996	0.010312
1997	0.0103116
1998	0.0103112
1999	0.0103109
2000	0.0103105
2001	0.0103101
2002	0.0103098
2003	0.0103094
2004	0.0103091
2005	0.0103088
2006	0.0103084
2007	0.0103081
2008	0.0103078
2009	0.0103075
2010	0.0103072
2011	0.0103069
2012	0.0103067
2013	0.0103064
2014	0.0103061
2015	0.0103059
2016	0.0103056
2017	0.0103054
2018	0.0103051
2019	0.0103049
2020	0.0103047
2021	0.0103044
2022	0.0103042
2023	0.010304
2024	0.0103038
2025	0.0103036
2026	0.0103034
2027	0.0103033
2028	0.0103031
2029	0.0103029
2030	0.0103028
2031	0.0103026
2032	0.0103025
2033	0.0103024
2034	0.0103022
2035	0.0103021
2036	0.010302
2037	0.0103019
2038	0.0103018
2039	0.0103017
2040	0.0103016
2041	0.0103015
2042	0.0103014
2043	0.0103014
2044	0.0103013
2045	0.0103013
2046	0.0103012
2047	0.0103012
2048	0.0103012
2049	0.0103011
2050	0.0103011
2051	0.0103011
2052	0.0103011
2053	0.0103011
2054	0.0103011
2055	0.0103011
2056	0.0103012
2057	0.0103012
2058	0.0103012
2059	0.0103013
2060	0.0103013
2061	0.0103014
2062	0.0103014
2063	0.0103015
2064	0.0103016
2065	0.0103017
2066	0.0103018
2067	0.0103019
2068	0.010302
2069	0.0103021
2070	0.0103022
2071	0.0103024
2072	0.0103025
2073	0.0103026
2074	0.0103028
2075	0.0103029
2076	0.0103031
2077	0.0103033
2078	0.0103034
2079	0.0103036
2080	0.0103038
2081	0.010304
2082	0.0103042
2083	0.0103044
2084	0.0103047
2085	0.0103049
2086	0.0103051
2087	0.0103054
2088	0.0103056
2089	0.0103059
2090	0.0103061
2091	0.0103064
2092	0.0103067
2093	0.0103069
2094	0.0103072
2095	0.0103075
2096	0.0103078
2097	0.0103081
2098	0.0103084
2099	0.0103088
2100	0.0103091
2101	0.0103094
2102	0.0103098
2103	0.0103101
2104	0.0103105
2105	0.0103109
2106	0.0103112
2107	0.0103116
2108	0.010312
2109	0.0103124
2110	0.0103128
2111	0.0103132
2112	0.0103136
2113	0.010314
2114	0.0103145
2115	0.0103149
2116	0.0103153
2117	0.0103158
2118	0.0103162
2119	0.0103167
2120	0.0103172
2121	0.0103176
2122	0.0103181
2123	0.0103186
2124	0.0103191
2125	0.0103196
2126	0.0103201
2127	0.0103207
2128	0.0103212
2129	0.0103217
2130	0.0103223
2131	0.0103228
2132	0.0103234
2133	0.0103239
2134	0.0103245
2135	0.0103251
2136	0.0103256
2137	0.0103262
2138	0.0103268
2139	0.0103274
2140	0.010328
2141	0.0103287
2142	0.0103293
2143	0.0103299
2144	0.0103306
2145	0.0103312
2146	0.0103318
2147	0.0103325
2148	0.0103332
2149	0.0103338
2150	0.0103345
2151	0.0103352
2152	0.0103359
2153	0.0103366
2154	0.0103373
2155	0.010338
2156	0.0103388
2157	0.0103395
2158	0.0103402
2159	0.010341
2160	0.0103417
2161	0.0103425
2162	0.0103433
2163	0.010344
2164	0.0103448
2165	0.0103456
2166	0.0103464
2167	0.0103472
2168	0.010348
2169	0.0103488
2170	0.0103496
2171	0.0103505
2172	0.0103513
2173	0.0103521
2174	0.010353
2175	0.0103539
2176	0.0103547
2177	0.0103556
2178	0.0103565
2179	0.0103574
2180	0.0103583
2181	0.0103592
2182	0.0103601
2183	0.010361
2184	0.0103619
2185	0.0103628
2186	0.0103638
2187	0.0103647
2188	0.0103657
2189	0.0103666
2190	0.0103676
2191	0.0103686
2192	0.0103695
2193	0.0103705
2194	0.0103715
2195	0.0103725
2196	0.0103735
2197	0.0103745
2198	0.0103756
2199	0.0103766
2200	0.0103776
2201	0.0103787
2202	0.0103797
2203	0.0103808
2204	0.0103819
2205	0.0103829
2206	0.010384
2207	0.0103851
2208	0.0103862
2209	0.0103873
2210	0.0103884
2211	0.0103895
2212	0.0103907
2213	0.0103918
2214	0.0103929
2215	0.0103941
2216	0.0103952
2217	0.0103964
2218	0.0103976
2219	0.0103987
2220	0.0103999
2221	0.0104011
2222	0.0104023
2223	0.0104035
2224	0.0104047
2225	0.0104059
2226	0.0104072
2227	0.0104084
2228	0.0104096
2229	0.0104109
2230	0.0104121
2231	0.0104134
2232	0.0104147
2233	0.010416
2234	0.0104172
2235	0.0104185
2236	0.0104198
2237	0.0104211
2238	0.0104225
2239	0.0104238
2240	0.0104251
2241	0.0104265
2242	0.0104278
2243	0.0104292
2244	0.0104305
2245	0.0104319
2246	0.0104333
2247	0.0104346
2248	0.010436
2249	0.0104374
2250	0.0104388
2251	0.0104402
2252	0.0104417
2253	0.0104431
2254	0.0104445
2255	0.010446
2256	0.0104474
2257	0.0104489
2258	0.0104503
2259	0.0104518
2260	0.0104533
2261	0.0104548
2262	0.0104563
2263	0.0104578
2264	0.0104593
2265	0.0104608
2266	0.0104623
2267	0.0104639
2268	0.0104654
2269	0.0104669
2270	0.0104685
2271	0.0104701
2272	0.0104716
2273	0.0104732
2274	0.0104748
2275	0.0104764
2276	0.010478
2277	0.0104796
2278	0.0104812
2279	0.0104828
2280	0.0104845
2281	0.0104861
2282	0.0104877
2283	0.0104894
2284	0.0104911
2285	0.0104927
2286	0.0104944
2287	0.0104961
2288	0.0104978
2289	0.0104995
2290	0.0105012
2291	0.0105029
2292	0.0105046
2293	0.0105064
2294	0.0105081
2295	0.0105098
2296	0.0105116
2297	0.0105134
2298	0.0105151
2299	0.0105169
2300	0.0105187
2301	0.0105205
2302	0.0105223
2303	0.0105241
2304	0.0105259
2305	0.0105277
2306	0.0105296
2307	0.0105314
2308	0.0105332
2309	0.0105351
2310	0.010537
2311	0.0105388
2312	0.0105407
2313	0.0105426
2314	0.0105445
2315	0.0105464
2316	0.0105483
2317	0.0105502
2318	0.0105522
2319	0.0105541
2320	0.010556
2321	0.010558
2322	0.0105599
2323	0.0105619
2324	0.0105639
2325	0.0105659
2326	0.0105678
2327	0.0105698
2328	0.0105718
2329	0.0105739
2330	0.0105759
2331	0.0105779
2332	0.0105799
2333	0.010582
2334	0.010584
2335	0.0105861
2336	0.0105882
2337	0.0105903
2338	0.0105923
2339	0.0105944
2340	0.0105965
2341	0.0105986
2342	0.0106008
2343	0.0106029
2344	0.010605
2345	0.0106072
2346	0.0106093
2347	0.0106115
2348	0.0106136
2349	0.0106158
2350	0.010618
2351	0.0106202
2352	0.0106224
2353	0.0106246
2354	0.0106268
2355	0.010629
2356	0.0106313
2357	0.0106335
2358	0.0106358
2359	0.010638
2360	0.0106403
2361	0.0106425
2362	0.0106448
2363	0.0106471
2364	0.0106494
2365	0.0106517
2366	0.010654
2367	0.0106564
2368	0.0106587
2369	0.010661
2370	0.0106634
2371	0.0106657
2372	0.0106681
2373	0.0106705
2374	0.0106729
2375	0.0106752
2376	0.0106776
2377	0.01068
2378	0.0106825
2379	0.0106849
2380	0.0106873
2381	0.0106898
2382	0.0106922
2383	0.0106947
2384	0.0106971
2385	0.0106996
2386	0.0107021
2387	0.0107046
2388	0.0107071
2389	0.0107096
2390	0.0107121
2391	0.0107146
2392	0.0107172
2393	0.0107197
2394	0.0107223
2395	0.0107248
2396	0.0107274
2397	0.01073
2398	0.0107325
2399	0.0107351
2400	0.0107377
2401	0.0107404
2402	0.010743
2403	0.0107456
2404	0.0107482
2405	0.0107509
2406	0.0107535
2407	0.0107562
2408	0.0107589
2409	0.0107616
2410	0.0107643
2411	0.0107669
2412	0.0107697
2413	0.0107724
2414	0.0107751
2415	0.0107778
2416	0.0107806
2417	0.0107833
2418	0.0107861
2419	0.0107889
2420	0.0107916
2421	0.0107944
2422	0.0107972
2423	0.0108
2424	0.0108028
2425	0.0108057
2426	0.0108085
2427	0.0108113
2428	0.0108142
2429	0.010817
2430	0.0108199
2431	0.0108228
2432	0.0108257
2433	0.0108286
2434	0.0108315
2435	0.0108344
2436	0.0108373
2437	0.0108402
2438	0.0108432
2439	0.0108461
2440	0.0108491
2441	0.010852
2442	0.010855
2443	0.010858
2444	0.010861
2445	0.010864
2446	0.010867
2447	0.01087
2448	0.0108731
2449	0.0108761
2450	0.0108792
2451	0.0108822
2452	0.0108853
2453	0.0108884
2454	0.0108915
2455	0.0108946
2456	0.0108977
2457	0.0109008
2458	0.0109039
2459	0.010907
2460	0.0109102
2461	0.0109133
2462	0.0109165
2463	0.0109197
2464	0.0109228
2465	0.010926
2466	0.0109292
2467	0.0109324
2468	0.0109357
2469	0.0109389
2470	0.0109421
2471	0.0109454
2472	0.0109486
2473	0.0109519
2474	0.0109552
2475	0.0109585
2476	0.0109618
2477	0.0109651
2478	0.0109684
2479	0.0109717
2480	0.010975
2481	0.0109784
2482	0.0109817
2483	0.0109851
2484	0.0109885
2485	0.0109918
2486	0.0109952
2487	0.0109986
2488	0.0110021
2489	0.0110055
2490	0.0110089
2491	0.0110123
2492	0.0110158
2493	0.0110193
2494	0.0110227
2495	0.0110262
2496	0.0110297
2497	0.0110332
2498	0.0110367
2499	0.0110402
2500	0.0110438
2501	0.0110473
2502	0.0110509
2503	0.0110544
2504	0.011058
2505	0.0110616
2506	0.0110652
2507	0.0110688
2508	0.0110724
2509	0.011076
2510	0.0110796
2511	0.0110833
2512	0.0110869
2513	0.0110906
2514	0.0110942
2515	0.0110979
2516	0.0111016
2517	0.0111053
2518	0.011109
2519	0.0111128
2520	0.0111165
2521	0.0111202
2522	0.011124
2523	0.0111278
2524	0.0111315
2525	0.0111353
2526	0.0111391
2527	0.0111429
2528	0.0111467
2529	0.0111506
2530	0.0111544
2531	0.0111582
2532	0.0111621
2533	0.011166
2534	0.0111698
2535	0.0111737
2536	0.0111776
2537	0.0111816
2538	0.0111855
2539	0.0111894
2540	0.0111933
2541	0.0111973
2542	0.0112013
2543	0.0112052
2544	0.0112092
2545	0.0112132
2546	0.0112172
2547	0.0112213
2548	0.0112253
2549	0.0112293
2550	0.0112334
2551	0.0112374
2552	0.0112415
2553	0.0112456
2554	0.0112497
2555	0.0112538
2556	0.0112579
2557	0.011262
2558	0.0112662
2559	0.0112703
2560	0.0112745
2561	0.0112787
2562	0.0112828
2563	0.011287
2564	0.0112912
2565	0.0112954
2566	0.0112997
2567	0.0113039
2568	0.0113082
2569	0.0113124
2570	0.0113167
2571	0.011321
2572	0.0113253
2573	0.0113296
2574	0.0113339
2575	0.0113382
2576	0.0113426
2577	0.0113469
2578	0.0113513
2579	0.0113557
2580	0.01136
2581	0.0113644
2582	0.0113688
2583	0.0113733
2584	0.0113777
2585	0.0113821
2586	0.0113866
2587	0.0113911
2588	0.0113955
2589	0.0114
2590	0.0114045
2591	0.011409
2592	0.0114136
2593	0.0114181
2594	0.0114227
2595	0.0114272
2596	0.0114318
2597	0.0114364
2598	0.011441
2599	0.0114456
2600	0.0114502
2601	0.0114548
2602	0.0114595
2603	0.0114641
2604	0.0114688
2605	0.0114735
2606	0.0114782
2607	0.0114829
2608	0.0114876
2609	0.0114923
2610	0.011497
2611	0.0115018
2612	0.0115066
2613	0.0115113
2614	0.0115161
2615	0.0115209
2616	0.0115257
2617	0.0115306
2618	0.0115354
2619	0.0115403
2620	0.0115451
2621	0.01155
2622	0.0115549
2623	0.0115598
2624	0.0115647
2625	0.0115696
2626	0.0115746
2627	0.0115795
2628	0.0115845
2629	0.0115894
2630	0.0115944
2631	0.0115994
2632	0.0116044
2633	0.0116095
2634	0.0116145
2635	0.0116196
2636	0.0116246
2637	0.0116297
2638	0.0116348
2639	0.0116399
2640	0.011645
2641	0.0116501
2642	0.0116553
2643	0.0116604
2644	0.0116656
2645	0.0116708
2646	0.011676
2647	0.0116812
2648	0.0116864
2649	0.0116916
2650	0.0116969
2651	0.0117021
2652	0.0117074
2653	0.0117127
2654	0.011718
2655	0.0117233
2656	0.0117286
2657	0.011734
2658	0.0117393
2659	0.0117447
2660	0.0117501
2661	0.0117555
2662	0.0117609
2663	0.0117663
2664	0.0117717
2665	0.0117772
2666	0.0117826
2667	0.0117881
2668	0.0117936
2669	0.0117991
2670	0.0118046
2671	0.0118102
2672	0.0118157
2673	0.0118213
2674	0.0118268
2675	0.0118324
2676	0.011838
2677	0.0118436
2678	0.0118493
2679	0.0118549
2680	0.0118605
2681	0.0118662
2682	0.0118719
2683	0.0118776
2684	0.0118833
2685	0.011889
2686	0.0118948
2687	0.0119005
2688	0.0119063
2689	0.0119121
2690	0.0119179
2691	0.0119237
2692	0.0119295
2693	0.0119354
2694	0.0119412
2695	0.0119471
2696	0.011953
2697	0.0119589
2698	0.0119648
2699	0.0119707
2700	0.0119767
2701	0.0119826
2702	0.0119886
2703	0.0119946
2704	0.0120006
2705	0.0120066
2706	0.0120126
2707	0.0120187
2708	0.0120247
2709	0.0120308
2710	0.0120369
2711	0.012043
2712	0.0120491
2713	0.0120553
2714	0.0120614
2715	0.0120676
2716	0.0120738
2717	0.01208
2718	0.0120862
2719	0.0120924
2720	0.0120987
2721	0.0121049
2722	0.0121112
2723	0.0121175
2724	0.0121238
2725	0.0121301
2726	0.0121365
2727	0.0121428
2728	0.0121492
2729	0.0121556
2730	0.012162
2731	0.0121684
2732	0.0121748
2733	0.0121813
2734	0.0121877
2735	0.0121942
2736	0.0122007
2737	0.0122072
2738	0.0122138
2739	0.0122203
2740	0.0122269
2741	0.0122334
2742	0.01224
2743	0.0122467
2744	0.0122533
2745	0.0122599
2746	0.0122666
2747	0.0122733
2748	0.01228
2749	0.0122867
2750	0.0122934
2751	0.0123001
2752	0.0123069
2753	0.0123137
2754	0.0123205
2755	0.0123273
2756	0.0123341
2757	0.0123409
2758	0.0123478
2759	0.0123547
2760	0.0123616
2761	0.0123685
2762	0.0123754
2763	0.0123823
2764	0.0123893
2765	0.0123963
2766	0.0124033
2767	0.0124103
2768	0.0124173
2769	0.0124244
2770	0.0124315
2771	0.0124385
2772	0.0124456
2773	0.0124528
2774	0.0124599
2775	0.012467
2776	0.0124742
2777	0.0124814
2778	0.0124886
2779	0.0124958
2780	0.0125031
2781	0.0125103
2782	0.0125176
2783	0.0125249
2784	0.0125322
2785	0.0125396
2786	0.0125469
2787	0.0125543
2788	0.0125617
2789	0.0125691
2790	0.0125765
2791	0.012584
2792	0.0125914
2793	0.0125989
2794	0.0126064
2795	0.0126139
2796	0.0126215
2797	0.012629
2798	0.0126366
2799	0.0126442
2800	0.0126518
2801	0.0126594
2802	0.0126671
2803	0.0126747
2804	0.0126824
2805	0.0126901
2806	0.0126979
2807	0.0127056
2808	0.0127134
2809	0.0127212
2810	0.012729
2811	0.0127368
2812	0.0127446
2813	0.0127525
2814	0.0127604
2815	0.0127683
2816	0.0127762
2817	0.0127841
2818	0.0127921
2819	0.0128001
2820	0.0128081
2821	0.0128161
2822	0.0128241
2823	0.0128322
2824	0.0128403
2825	0.0128484
2826	0.0128565
2827	0.0128646
2828	0.0128728
2829	0.012881
2830	0.0128892
2831	0.0128974
2832	0.0129057
2833	0.0129139
2834	0.0129222
2835	0.0129305
2836	0.0129388
2837	0.0129472
2838	0.0129556
2839	0.0129639
2840	0.0129724
2841	0.0129808
2842	0.0129892
2843	0.0129977
2844	0.0130062
2845	0.0130147
2846	0.0130233
2847	0.0130318
2848	0.0130404
2849	0.013049
2850	0.0130576
2851	0.0130663
2852	0.013075
2853	0.0130837
2854	0.0130924
2855	0.0131011
2856	0.0131099
2857	0.0131186
2858	0.0131274
2859	0.0131363
2860	0.0131451
2861	0.013154
2862	0.0131629
2863	0.0131718
2864	0.0131807
2865	0.0131897
2866	0.0131987
2867	0.0132077
2868	0.0132167
2869	0.0132257
2870	0.0132348
2871	0.0132439
2872	0.013253
2873	0.0132622
2874	0.0132713
2875	0.0132805
2876	0.0132897
2877	0.013299
2878	0.0133082
2879	0.0133175
2880	0.0133268
2881	0.0133362
2882	0.0133455
2883	0.0133549
2884	0.0133643
2885	0.0133737
2886	0.0133832
2887	0.0133927
2888	0.0134022
2889	0.0134117
2890	0.0134212
2891	0.0134308
2892	0.0134404
2893	0.01345
2894	0.0134597
2895	0.0134693
2896	0.013479
2897	0.0134888
2898	0.0134985
2899	0.0135083
2900	0.0135181
2901	0.0135279
2902	0.0135377
2903	0.0135476
2904	0.0135575
2905	0.0135674
2906	0.0135774
2907	0.0135874
2908	0.0135974
2909	0.0136074
2910	0.0136175
2911	0.0136275
2912	0.0136376
2913	0.0136478
2914	0.0136579
2915	0.0136681
2916	0.0136783
2917	0.0136886
2918	0.0136988
2919	0.0137091
2920	0.0137194
2921	0.0137298
2922	0.0137402
2923	0.0137506
2924	0.013761
2925	0.0137715
2926	0.0137819
2927	0.0137924
2928	0.013803
2929	0.0138135
2930	0.0138241
2931	0.0138348
2932	0.0138454
2933	0.0138561
2934	0.0138668
2935	0.0138775
2936	0.0138883
2937	0.0138991
2938	0.0139099
2939	0.0139207
2940	0.0139316
2941	0.0139425
2942	0.0139535
2943	0.0139644
2944	0.0139754
2945	0.0139864
2946	0.0139975
2947	0.0140086
2948	0.0140197
2949	0.0140308
2950	0.014042
2951	0.0140532
2952	0.0140644
2953	0.0140756
2954	0.0140869
2955	0.0140983
2956	0.0141096
2957	0.014121
2958	0.0141324
2959	0.0141438
2960	0.0141553
2961	0.0141668
2962	0.0141783
2963	0.0141899
2964	0.0142015
2965	0.0142131
2966	0.0142248
2967	0.0142365
2968	0.0142482
2969	0.0142599
2970	0.0142717
2971	0.0142835
2972	0.0142954
2973	0.0143072
2974	0.0143192
2975	0.0143311
2976	0.0143431
2977	0.0143551
2978	0.0143671
2979	0.0143792
2980	0.0143913
2981	0.0144034
2982	0.0144156
2983	0.0144278
2984	0.0144401
2985	0.0144523
2986	0.0144646
2987	0.014477
2988	0.0144894
2989	0.0145018
2990	0.0145142
2991	0.0145267
2992	0.0145392
2993	0.0145517
2994	0.0145643
2995	0.0145769
2996	0.0145896
2997	0.0146023
2998	0.014615
2999	0.0146277
3000	0.0146405
3001	0.0146534
3002	0.0146662
3003	0.0146791
3004	0.014692
3005	0.014705
3006	0.014718
3007	0.0147311
3008	0.0147441
3009	0.0147572
3010	0.0147704
3011	0.0147836
3012	0.0147968
3013	0.0148101
3014	0.0148234
3015	0.0148367
3016	0.0148501
3017	0.0148635
3018	0.0148769
3019	0.0148904
3020	0.0149039
3021	0.0149175
3022	0.0149311
3023	0.0149447
3024	0.0149584
3025	0.0149721
3026	0.0149859
3027	0.0149997
3028	0.0150135
3029	0.0150274
3030	0.0150413
3031	0.0150553
3032	0.0150693
3033	0.0150833
3034	0.0150974
3035	0.0151115
3036	0.0151256
3037	0.0151398
3038	0.0151541
3039	0.0151683
3040	0.0151826
3041	0.015197
3042	0.0152114
3043	0.0152258
3044	0.0152403
3045	0.0152549
3046	0.0152694
3047	0.015284
3048	0.0152987
3049	0.0153134
3050	0.0153281
3051	0.0153429
3052	0.0153577
3053	0.0153726
3054	0.0153875
3055	0.0154024
3056	0.0154174
3057	0.0154325
3058	0.0154475
3059	0.0154627
3060	0.0154778
3061	0.0154931
3062	0.0155083
3063	0.0155236
3064	0.015539
3065	0.0155544
3066	0.0155698
3067	0.0155853
3068	0.0156008
3069	0.0156164
3070	0.0156321
3071	0.0156477
3072	0.0156634
3073	0.0156792
3074	0.015695
3075	0.0157109
3076	0.0157268
3077	0.0157428
3078	0.0157588
3079	0.0157748
3080	0.0157909
3081	0.0158071
3082	0.0158233
3083	0.0158395
3084	0.0158558
3085	0.0158721
3086	0.0158885
3087	0.015905
3088	0.0159215
3089	0.015938
3090	0.0159546
3091	0.0159712
3092	0.0159879
3093	0.0160047
3094	0.0160215
3095	0.0160383
3096	0.0160552
3097	0.0160722
3098	0.0160892
3099	0.0161062
3100	0.0161233
3101	0.0161405
3102	0.0161577
3103	0.016175
3104	0.0161923
3105	0.0162097
3106	0.0162271
3107	0.0162446
3108	0.0162621
3109	0.0162797
3110	0.0162973
3111	0.016315
3112	0.0163328
3113	0.0163506
3114	0.0163685
3115	0.0163864
3116	0.0164044
3117	0.0164224
3118	0.0164405
3119	0.0164586
3120	0.0164768
3121	0.0164951
3122	0.0165134
3123	0.0165318
3124	0.0165502
3125	0.0165687
3126	0.0165873
3127	0.0166059
3128	0.0166246
3129	0.0166433
3130	0.0166621
3131	0.016681
3132	0.0166999
3133	0.0167188
3134	0.0167379
3135	0.016757
3136	0.0167761
3137	0.0167953
3138	0.0168146
3139	0.016834
3140	0.0168534
3141	0.0168728
3142	0.0168924
3143	0.016912
3144	0.0169316
3145	0.0169513
3146	0.0169711
3147	0.016991
3148	0.0170109
3149	0.0170309
3150	0.0170509
3151	0.017071
3152	0.0170912
3153	0.0171115
3154	0.0171318
3155	0.0171522
3156	0.0171726
3157	0.0171931
3158	0.0172137
3159	0.0172344
3160	0.0172551
3161	0.0172759
3162	0.0172967
3163	0.0173177
3164	0.0173387
3165	0.0173597
3166	0.0173809
3167	0.0174021
3168	0.0174234
3169	0.0174447
3170	0.0174661
3171	0.0174876
3172	0.0175092
3173	0.0175309
3174	0.0175526
3175	0.0175744
3176	0.0175962
3177	0.0176182
3178	0.0176402
3179	0.0176623
3180	0.0176845
3181	0.0177067
3182	0.017729
3183	0.0177514
3184	0.0177739
3185	0.0177965
3186	0.0178191
3187	0.0178418
3188	0.0178646
3189	0.0178874
3190	0.0179104
3191	0.0179334
3192	0.0179565
3193	0.0179797
3194	0.018003
3195	0.0180263
3196	0.0180498
3197	0.0180733
3198	0.0180969
3199	0.0181206
3200	0.0181443
3201	0.0181682
3202	0.0181921
3203	0.0182162
3204	0.0182403
3205	0.0182645
3206	0.0182887
3207	0.0183131
3208	0.0183376
3209	0.0183621
3210	0.0183867
3211	0.0184114
3212	0.0184363
3213	0.0184612
3214	0.0184861
3215	0.0185112
3216	0.0185364
3217	0.0185617
3218	0.018587
3219	0.0186125
3220	0.018638
3221	0.0186636
3222	0.0186894
3223	0.0187152
3224	0.0187411
3225	0.0187671
3226	0.0187932
3227	0.0188194
3228	0.0188457
3229	0.0188721
3230	0.0188986
3231	0.0189252
3232	0.0189519
3233	0.0189787
3234	0.0190056
3235	0.0190326
3236	0.0190597
3237	0.0190869
3238	0.0191142
3239	0.0191416
3240	0.0191692
3241	0.0191968
3242	0.0192245
3243	0.0192523
3244	0.0192803
3245	0.0193083
3246	0.0193365
3247	0.0193647
3248	0.0193931
3249	0.0194216
3250	0.0194501
3251	0.0194788
3252	0.0195076
3253	0.0195366
3254	0.0195656
3255	0.0195947
3256	0.019624
3257	0.0196534
3258	0.0196829
3259	0.0197125
3260	0.0197422
3261	0.019772
3262	0.019802
3263	0.0198321
3264	0.0198623
3265	0.0198926
3266	0.019923
3267	0.0199536
3268	0.0199842
3269	0.020015
3270	0.020046
3271	0.020077
3272	0.0201082
3273	0.0201395
3274	0.0201709
3275	0.0202025
3276	0.0202342
3277	0.020266
3278	0.0202979
3279	0.02033
3280	0.0203622
3281	0.0203945
3282	0.020427
3283	0.0204596
3284	0.0204923
3285	0.0205252
3286	0.0205582
3287	0.0205914
3288	0.0206246
3289	0.0206581
3290	0.0206916
3291	0.0207253
3292	0.0207592
3293	0.0207932
3294	0.0208273
3295	0.0208616
3296	0.020896
3297	0.0209305
3298	0.0209653
3299	0.0210001
3300	0.0210351
3301	0.0210703
3302	0.0211056
3303	0.021141
3304	0.0211767
3305	0.0212124
3306	0.0212483
3307	0.0212844
3308	0.0213207
3309	0.021357
3310	0.0213936
3311	0.0214303
3312	0.0214672
3313	0.0215042
3314	0.0215414
3315	0.0215788
3316	0.0216163
3317	0.021654
3318	0.0216918
3319	0.0217299
3320	0.0217681
3321	0.0218064
3322	0.021845
3323	0.0218837
3324	0.0219226
3325	0.0219616
3326	0.0220009
3327	0.0220403
3328	0.0220799
3329	0.0221197
3330	0.0221596
3331	0.0221997
3332	0.0222401
3333	0.0222806
3334	0.0223213
3335	0.0223622
3336	0.0224032
3337	0.0224445
3338	0.022486
3339	0.0225276
3340	0.0225694
3341	0.0226115
3342	0.0226537
3343	0.0226962
3344	0.0227388
3345	0.0227816
3346	0.0228247
3347	0.0228679
3348	0.0229114
3349	0.022955
3350	0.0229989
3351	0.023043
3352	0.0230873
3353	0.0231318
3354	0.0231765
3355	0.0232214
3356	0.0232666
3357	0.023312
3358	0.0233575
3359	0.0234034
3360	0.0234494
3361	0.0234957
3362	0.0235422
3363	0.0235889
3364	0.0236359
3365	0.0236831
3366	0.0237305
3367	0.0237782
3368	0.0238261
3369	0.0238742
3370	0.0239226
3371	0.0239712
3372	0.0240201
3373	0.0240693
3374	0.0241186
3375	0.0241683
3376	0.0242181
3377	0.0242683
3378	0.0243187
3379	0.0243693
3380	0.0244203
3381	0.0244715
3382	0.0245229
3383	0.0245746
3384	0.0246266
3385	0.0246789
3386	0.0247314
3387	0.0247842
3388	0.0248373
3389	0.0248907
3390	0.0249444
3391	0.0249983
3392	0.0250525
3393	0.0251071
3394	0.0251619
3395	0.025217
3396	0.0252724
3397	0.0253281
3398	0.0253842
3399	0.0254405
3400	0.0254971
3401	0.0255541
3402	0.0256113
3403	0.0256689
3404	0.0257268
3405	0.025785
3406	0.0258435
3407	0.0259024
3408	0.0259616
3409	0.0260211
3410	0.026081
3411	0.0261412
3412	0.0262017
3413	0.0262626
3414	0.0263238
3415	0.0263854
3416	0.0264473
3417	0.0265096
3418	0.0265723
3419	0.0266353
3420	0.0266987
3421	0.0267624
3422	0.0268265
3423	0.026891
3424	0.0269559
3425	0.0270212
3426	0.0270868
3427	0.0271528
3428	0.0272193
3429	0.0272861
3430	0.0273533
3431	0.0274209
3432	0.027489
3433	0.0275574
3434	0.0276263
3435	0.0276956
3436	0.0277653
3437	0.0278354
3438	0.027906
3439	0.027977
3440	0.0280484
3441	0.0281203
3442	0.0281926
3443	0.0282654
3444	0.0283387
3445	0.0284124
3446	0.0284865
3447	0.0285612
3448	0.0286363
3449	0.0287119
3450	0.0287879
3451	0.0288645
3452	0.0289416
3453	0.0290191
3454	0.0290972
3455	0.0291757
3456	0.0292548
3457	0.0293344
3458	0.0294145
3459	0.0294952
3460	0.0295764
3461	0.0296581
3462	0.0297404
3463	0.0298232
3464	0.0299065
3465	0.0299905
3466	0.030075
3467	0.0301601
3468	0.0302457
3469	0.030332
3470	0.0304188
3471	0.0305063
3472	0.0305943
3473	0.030683
3474	0.0307722
3475	0.0308621
3476	0.0309527
3477	0.0310438
3478	0.0311356
3479	0.0312281
3480	0.0313212
3481	0.031415
3482	0.0315095
3483	0.0316046
3484	0.0317005
3485	0.031797
3486	0.0318942
3487	0.0319922
3488	0.0320909
3489	0.0321903
3490	0.0322904
3491	0.0323913
3492	0.0324929
3493	0.0325953
3494	0.0326985
3495	0.0328024
3496	0.0329072
3497	0.0330127
3498	0.033119
3499	0.0332262
3500	0.0333342
3501	0.033443
3502	0.0335527
3503	0.0336632
3504	0.0337746
3505	0.0338869
3506	0.034
3507	0.0341141
3508	0.0342291
3509	0.034345
3510	0.0344618
3511	0.0345796
3512	0.0346983
3513	0.034818
3514	0.0349387
3515	0.0350603
3516	0.035183
3517	0.0353067
3518	0.0354314
3519	0.0355572
3520	0.035684
3521	0.0358119
3522	0.0359409
3523	0.036071
3524	0.0362022
3525	0.0363345
3526	0.036468
3527	0.0366026
3528	0.0367384
3529	0.0368754
3530	0.0370136
3531	0.0371531
3532	0.0372937
3533	0.0374356
3534	0.0375788
3535	0.0377233
3536	0.0378691
3537	0.0380162
3538	0.0381647
3539	0.0383145
3540	0.0384658
3541	0.0386184
3542	0.0387724
3543	0.0389279
3544	0.0390849
3545	0.0392433
3546	0.0394033
3547	0.0395648
3548	0.0397278
3549	0.0398924
3550	0.0400586
3551	0.0402265
3552	0.0403959
3553	0.0405671
3554	0.0407399
3555	0.0409145
3556	0.0410909
3557	0.041269
3558	0.0414489
3559	0.0416306
3560	0.0418142
3561	0.0419997
3562	0.0421872
3563	0.0423765
3564	0.0425679
3565	0.0427613
3566	0.0429567
3567	0.0431542
3568	0.0433538
3569	0.0435556
3570	0.0437595
3571	0.0439657
3572	0.0441741
3573	0.0443849
3574	0.0445979
3575	0.0448134
3576	0.0450312
3577	0.0452515
3578	0.0454744
3579	0.0456997
3580	0.0459277
3581	0.0461583
3582	0.0463916
3583	0.0466276
3584	0.0468663
3585	0.047108
3586	0.0473525
3587	0.0475999
3588	0.0478503
3589	0.0481038
3590	0.0483603
3591	0.04862
3592	0.048883
3593	0.0491492
3594	0.0494188
3595	0.0496917
3596	0.0499682
3597	0.0502481
3598	0.0505317
3599	0.050819
3600	0.05111
3601	0.0514049
3602	0.0517036
3603	0.0520064
3604	0.0523132
3605	0.0526242
3606	0.0529394
3607	0.0532589
3608	0.0535829
3609	0.0539114
3610	0.0542444
3611	0.0545822
3612	0.0549248
3613	0.0552723
3614	0.0556249
3615	0.0559825
3616	0.0563455
3617	0.0567138
3618	0.0570875
3619	0.0574669
3620	0.0578521
3621	0.0582431
3622	0.0586401
3623	0.0590433
3624	0.0594528
3625	0.0598687
3626	0.0602913
3627	0.0607206
3628	0.0611568
3629	0.0616002
3630	0.0620508
3631	0.062509
3632	0.0629747
3633	0.0634484
3634	0.0639301
3635	0.06442
3636	0.0649185
3637	0.0654256
3638	0.0659417
3639	0.066467
3640	0.0670017
3641	0.0675461
3642	0.0681005
3643	0.0686651
3644	0.0692403
3645	0.0698263
3646	0.0704234
3647	0.071032
3648	0.0716524
3649	0.0722849
3650	0.07293
3651	0.073588
3652	0.0742593
3653	0.0749443
3654	0.0756434
3655	0.0763571
3656	0.0770858
3657	0.0778301
3658	0.0785905
3659	0.0793673
3660	0.0801614
3661	0.0809731
3662	0.0818031
3663	0.082652
3664	0.0835205
3665	0.0844094
3666	0.0853192
3667	0.0862508
3668	0.0872049
3669	0.0881825
3670	0.0891843
3671	0.0902114
3672	0.0912646
3673	0.092345
3674	0.0934537
3675	0.0945918
3676	0.0957605
3677	0.096961
3678	0.0981947
3679	0.099463
3680	0.100767
3681	0.102109
3682	0.103491
3683	0.104913
3684	0.106378
3685	0.107889
3686	0.109446
3687	0.111052
3688	0.11271
3689	0.114423
3690	0.116192
3691	0.118021
3692	0.119913
3693	0.121871
3694	0.123899
3695	0.126001
3696	0.12818
3697	0.130442
3698	0.13279
3699	0.13523
3700	0.137768
3701	0.140409
3702	0.143161
3703	0.146029
3704	0.149022
3705	0.152148
3706	0.155416
3707	0.158836
3708	0.162419
3709	0.166176
3710	0.170122
3711	0.174271
3712	0.178638
3713	0.183241
3714	0.188101
3715	0.193239
3716	0.198679
3717	0.20445
3718	0.210583
3719	0.217112
3720	0.224078
3721	0.231526
3722	0.239507
3723	0.248082
3724	0.257319
3725	0.267299
3726	0.278113
3727	0.289873
3728	0.302707
3729	0.31677
3730	0.332248
3731	0.349365
3732	0.368398
3733	0.389685
3734	0.413655
3735	0.440847
3736	0.471959
3737	0.507905
3738	0.549907
3739	0.599637
3740	0.659443
3741	0.732735
3742	0.824655
3743	0.943339
3744	1.10247
3745	1.32698
3746	1.66756
3747	2.24565
3748	3.44266
3749	7.39775
3750	48.5694
3751	5.65526
3752	2.99814
3753	2.03777
3754	1.54224
3755	1.23981
3756	1.03602
3757	0.889379
3758	0.778797
3759	0.692432
3760	0.623112
3761	0.566244
3762	0.518749
3763	0.478486
3764	0.443919
3765	0.41392
3766	0.387638
3767	0.364423
3768	0.343767
3769	0.325269
3770	0.308608
3771	0.293522
3772	0.279799
3773	0.267261
3774	0.255761
3775	0.245175
3776	0.235399
3777	0.226342
3778	0.217928
3779	0.210091
3780	0.202773
3781	0.195925
3782	0.189502
3783	0.183466
3784	0.177783
3785	0.172423
3786	0.167358
3787	0.162566
3788	0.158024
3789	0.153714
3790	0.149618
3791	0.145721
3792	0.142008
3793	0.138466
3794	0.135084
3795	0.131852
3796	0.128759
3797	0.125797
3798	0.122957
3799	0.120232
3800	0.117616
3801	0.115101
3802	0.112682
3803	0.110354
3804	0.108111
3805	0.105949
3806	0.103864
3807	0.101851
3808	0.0999069
3809	0.0980281
3810	0.0962112
3811	0.0944533
3812	0.0927515
3813	0.0911032
3814	0.0895058
3815	0.087957
3816	0.0864546
3817	0.0849966
3818	0.0835809
3819	0.0822057
3820	0.0808693
3821	0.07957
3822	0.0783064
3823	0.0770768
3824	0.0758801
3825	0.0747148
3826	0.0735797
3827	0.0724736
3828	0.0713955
3829	0.0703442
3830	0.0693187
3831	0.0683182
3832	0.0673416
3833	0.0663881
3834	0.0654569
3835	0.0645472
3836	0.0636583
3837	0.0627894
3838	0.0619399
3839	0.061109
3840	0.0602962
3841	0.0595009
3842	0.0587226
3843	0.0579605
3844	0.0572143
3845	0.0564835
3846	0.0557675
3847	0.0550659
3848	0.0543782
3849	0.0537041
3850	0.0530431
3851	0.0523949
3852	0.051759
3853	0.0511351
3854	0.0505229
3855	0.0499219
3856	0.049332
3857	0.0487528
3858	0.0481839
3859	0.0476252
3860	0.0470763
3861	0.0465369
3862	0.0460069
3863	0.0454859
3864	0.0449737
3865	0.0444701
3866	0.0439749
3867	0.0434878
3868	0.0430087
3869	0.0425373
3870	0.0420734
3871	0.0416169
3872	0.0411676
3873	0.0407252
3874	0.0402897
3875	0.0398609
3876	0.0394386
3877	0.0390226
3878	0.0386128
3879	0.0382091
3880	0.0378113
3881	0.0374193
3882	0.0370329
3883	0.036652
3884	0.0362765
3885	0.0359064
3886	0.0355413
3887	0.0351813
3888	0.0348263
3889	0.034476
3890	0.0341305
3891	0.0337896
3892	0.0334533
3893	0.0331213
3894	0.0327937
3895	0.0324704
3896	0.0321512
3897	0.031836
3898	0.0315249
3899	0.0312176
3900	0.0309142
3901	0.0306146
3902	0.0303186
3903	0.0300262
3904	0.0297374
3905	0.029452
3906	0.02917
3907	0.0288914
3908	0.028616
3909	0.0283438
3910	0.0280748
3911	0.0278088
3912	0.0275459
3913	0.027286
3914	0.027029
3915	0.0267748
3916	0.0265235
3917	0.0262749
3918	0.0260291
3919	0.0257859
3920	0.0255453
3921	0.0253073
3922	0.0250719
3923	0.0248389
3924	0.0246083
3925	0.0243802
3926	0.0241544
3927	0.0239309
3928	0.0237097
3929	0.0234908
3930	0.023274
3931	0.0230595
3932	0.022847
3933	0.0226367
3934	0.0224284
3935	0.0222221
3936	0.0220179
3937	0.0218156
3938	0.0216152
3939	0.0214168
3940	0.0212202
3941	0.0210255
3942	0.0208326
3943	0.0206415
3944	0.0204522
3945	0.0202646
3946	0.0200787
3947	0.0198945
3948	0.0197119
3949	0.019531
3950	0.0193517
3951	0.019174
3952	0.0189979
3953	0.0188233
3954	0.0186503
3955	0.0184788
3956	0.0183087
3957	0.0181401
3958	0.017973
3959	0.0178072
3960	0.0176429
3961	0.01748
3962	0.0173185
3963	0.0171583
3964	0.0169994
3965	0.0168419
3966	0.0166856
3967	0.0165307
3968	0.016377
3969	0.0162246
3970	0.0160735
3971	0.0159235
3972	0.0157748
3973	0.0156273
3974	0.015481
3975	0.0153359
3976	0.0151919
3977	0.0150491
3978	0.0149074
3979	0.0147668
3980	0.0146274
3981	0.0144891
3982	0.0143519
3983	0.0142158
3984	0.0140807
3985	0.0139467
3986	0.0138138
3987	0.013682
3988	0.0135511
3989	0.0134214
3990	0.0132926
3991	0.0131649
3992	0.0130382
3993	0.0129125
3994	0.0127878
3995	0.0126641
3996	0.0125414
3997	0.0124197
3998	0.0122989
3999	0.0121792
4000	0.0120604
4001	0.0119426
4002	0.0118258
4003	0.0117099
4004	0.011595
4005	0.011481
4006	0.011368
4007	0.011256
4008	0.0111449
4009	0.0110348
4010	0.0109256
4011	0.0108174
4012	0.0107101
4013	0.0106038
4014	0.0104985
4015	0.0103941
4016	0.0102907
4017	0.0101882
4018	0.0100867
4019	0.0099862
4020	0.00988666
4021	0.00978809
4022	0.00969052
4023	0.00959393
4024	0.00949835
4025	0.00940376
4026	0.00931019
4027	0.00921763
4028	0.0091261
4029	0.00903561
4030	0.00894616
4031	0.00885776
4032	0.00877042
4033	0.00868416
4034	0.00859899
4035	0.00851491
4036	0.00843194
4037	0.00835009
4038	0.00826938
4039	0.00818982
4040	0.00811143
4041	0.00803421
4042	0.00795819
4043	0.00788339
4044	0.00780981
4045	0.00773748
4046	0.00766641
4047	0.00759662
4048	0.00752814
4049	0.00746098
4050	0.00739516
4051	0.0073307
4052	0.00726762
4053	0.00720595
4054	0.0071457
4055	0.0070869
4056	0.00702957
4057	0.00697373
4058	0.0069194
4059	0.00686661
4060	0.00681539
4061	0.00676574
4062	0.00671771
4063	0.0066713
4064	0.00662654
4065	0.00658346
4066	0.00654208
4067	0.00650242
4068	0.0064645
4069	0.00642834
4070	0.00639397
4071	0.0063614
4072	0.00633065
4073	0.00630175
4074	0.00627471
4075	0.00624954
4076	0.00622627
4077	0.0062049
4078	0.00618546
4079	0.00616795
4080	0.00615238
4081	0.00613877
4082	0.00612713
4083	0.00611745
4084	0.00610975
4085	0.00610404
4086	0.0061003
4087	0.00609855
4088	0.00609879
4089	0.00610101
4090	0.00610521
4091	0.00611138
4092	0.00611952
4093	0.00612962
4094	0.00614167
4095	0.00615566
