0	542.374
2.331	4.27579
4.662	3.65669
6.99301	1.67053
9.32401	2.23668
11.655	3.23133
13.986	3.17839
16.317	5.87784
18.648	9.74521
20.979	3.10556
23.31	1.30711
25.641	8.26401
27.972	8.5126
30.303	2.89878
32.634	4.34697
34.965	2.45704
37.296	1.32991
39.627	2.04864
41.958	4.82576
44.289	11.4936
46.62	7.59536
48.951	2.86087
51.2821	0.853562
53.6131	1.71582
55.9441	2.6135
58.2751	1.38627
60.6061	1.70645
62.9371	3.97738
65.2681	0.344853
67.5991	0.797192
69.9301	3.73605
72.2611	4.47164
74.5921	0.499159
76.9231	3.01684
79.2541	0.3754
81.5851	1.70832
83.9161	1.09024
86.2471	2.53617
88.5781	0.890092
90.9091	2.96339
93.2401	7.85499
95.5711	3.66635
97.9021	3.13874
100.233	1.92197
102.564	1.27398
104.895	3.4421
107.226	1.12065
109.557	2.744
111.888	0.929608
114.219	2.43588
116.55	0.555471
118.881	1.1549
121.212	2.65111
123.543	0.200536
125.874	1.92985
128.205	0.348136
130.536	2.31466
132.867	1.74147
135.198	2.90041
137.529	1.32316
139.86	2.286
142.191	1.30133
144.522	2.10064
146.853	2.5148
149.184	1.38945
151.515	1.31917
153.846	0.293543
156.177	3.07402
158.508	0.373576
160.839	1.6102
163.17	0.535692
165.501	0.978685
167.832	1.40489
170.163	0.921659
172.494	1.94824
174.825	1.57705
177.156	1.94495
179.487	1.29086
181.818	1.26957
184.149	1.323
186.48	1.245
188.811	1.96046
191.142	2.67344
193.473	2.19667
195.804	0.374894
198.135	0.801868
200.466	0.286627
202.797	1.79899
205.128	2.75384
207.459	1.79926
209.79	2.1892
212.121	3.28636
214.452	5.54555
216.783	4.04536
219.114	1.52014
221.445	5.45193
223.776	10.8991
226.107	9.44751
228.438	4.58285
230.769	1.92993
233.1	2.99035
235.431	3.98424
237.762	3.17879
240.093	3.74566
242.424	2.88474
244.755	2.54283
247.086	1.91015
249.417	3.59326
251.748	3.16616
254.079	1.22887
256.41	1.21847
258.741	2.28729
261.072	1.93237
263.403	2.08259
265.734	2.10844
268.065	0.197584
270.396	1.43656
272.727	1.38245
275.058	2.34123
277.389	2.57245
279.72	3.504
282.051	1.83311
284.382	1.5938
286.713	3.15227
289.044	1.53466
291.375	1.10434
293.706	1.54212
296.037	1.14481
298.368	0.719652
300.699	1.14166
303.03	0.818743
305.361	2.75494
307.692	1.55362
310.023	2.54597
312.354	2.235
314.685	1.93949
317.016	2.93872
319.347	2.43834
321.678	0.681154
324.009	0.876235
326.34	4.44606
328.671	3.69823
331.002	2.16779
333.333	4.36032
335.664	2.62848
337.995	7.57042
340.326	15.8579
342.657	18.3654
344.988	17.161
347.319	6.68293
349.65	4.05624
351.981	8.47374
354.312	7.40197
356.643	4.6035
358.974	2.8159
361.305	1.58705
363.636	1.96327
365.967	2.08565
368.298	4.56556
370.629	3.65755
372.96	6.91453
375.291	6.69732
377.622	8.0639
379.953	12.1379
382.284	6.58158
384.615	4.0853
386.946	3.0561
389.277	6.82147
391.608	1.59089
393.939	19.5801
396.27	21.1589
398.601	4.94497
400.932	1.53843
403.263	2.41322
405.594	0.754234
407.925	2.54715
410.256	4.84476
412.587	1.46795
414.918	3.33042
417.249	3.58864
419.58	1.83305
421.911	2.19616
424.242	3.63808
426.573	1.88221
428.904	0.715832
431.235	3.03213
433.566	5.61921
435.897	6.09764
438.228	5.21347
440.559	5.82485
442.89	8.54557
445.221	9.38485
447.552	2.35801
449.883	4.57605
452.214	5.76223
454.545	10.4078
456.876	7.67459
459.207	17.9474
461.538	42.8549
463.869	14.7528
466.2	8.29523
468.531	13.2364
470.862	16.7786
473.193	5.69444
475.524	12.3788
477.855	13.9695
480.186	24.2535
482.517	12.3166
484.848	11.9536
487.179	73.644
489.51	61.5326
491.841	7.37838
494.172	19.1802
496.503	6.27562
498.834	5.013
501.166	0.463152
503.497	11.0377
505.828	18.4509
508.159	8.17627
510.49	8.90598
512.821	4.05718
515.152	13.7063
517.483	5.5634
519.814	4.56025
522.145	3.8865
524.476	6.26824
526.807	1.77309
529.138	8.66133
531.469	1.04727
533.8	3.37515
536.131	3.55178
538.462	9.08665
540.793	3.20608
543.124	6.79099
545.455	1.82511
547.786	2.67841
550.117	8.08628
552.448	6.47352
554.779	9.76232
557.11	16.5223
559.441	8.61684
561.772	9.21208
564.103	32.2752
566.434	47.3413
568.765	40.1989
571.096	22.0562
573.427	7.18476
575.758	11.6007
578.089	2.8553
580.42	5.68408
582.751	9.28564
585.082	6.46171
587.413	3.69281
589.744	4.68166
592.075	2.56382
594.406	1.90495
596.737	2.49253
599.068	1.54967
601.399	5.20921
603.73	3.21687
606.061	2.50455
608.392	1.32531
610.723	3.80168
613.054	1.39808
615.385	2.29194
617.716	2.39916
620.047	0.63599
622.378	4.20696
624.709	2.91721
627.04	1.30622
629.371	2.56145
631.702	3.66975
634.033	2.25014
636.364	2.291
638.695	4.65293
641.026	1.69812
643.357	1.39833
645.688	3.40616
648.019	1.80948
650.35	2.1638
652.681	3.4165
655.012	3.68146
657.343	0.955808
659.674	2.28479
662.005	0.574415
664.336	2.48057
666.667	3.38709
668.998	2.52431
671.329	5.49021
673.66	3.03628
675.991	2.60935
678.322	3.18482
680.653	2.85527
682.984	7.10716
685.315	10.4064
687.646	9.71669
689.977	2.22289
692.308	3.26779
694.639	8.62521
696.97	6.43058
699.301	4.56564
701.632	0.417551
703.963	2.17263
706.294	0.892815
708.625	2.11666
710.956	1.36911
713.287	0.802184
715.618	3.61025
717.949	5.78013
720.28	3.40503
722.611	1.09631
724.942	1.61604
727.273	2.20118
729.604	1.14921
731.935	1.13774
734.266	1.2396
736.597	0.904474
738.928	1.79649
741.259	2.16131
743.59	1.6147
745.921	0.299452
748.252	2.71676
750.583	1.80129
752.914	2.50259
755.245	3.11533
757.576	1.39043
759.907	1.35158
762.238	0.500496
764.569	1.94498
766.9	1.07411
769.231	0.935225
771.562	1.51047
773.893	1.02112
776.224	1.62987
778.555	2.58792
780.886	4.73632
783.217	5.69914
785.548	2.48915
787.879	0.998274
790.21	10.9181
792.541	3.92192
794.872	3.14781
797.203	1.02721
799.534	3.33065
801.865	2.01491
804.196	1.57929
806.527	6.31161
808.858	1.33253
811.189	2.03136
813.52	3.47987
815.851	2.4867
818.182	1.89177
820.513	2.79137
822.844	1.629
825.175	2.54337
827.506	2.7451
829.837	1.68218
832.168	0.310136
834.499	2.78261
836.83	0.866826
839.161	1.9397
841.492	2.96144
843.823	4.15339
846.154	3.03143
848.485	2.39423
850.816	0.946361
853.147	3.57875
855.478	5.04274
857.809	3.37888
860.14	3.13145
862.471	2.41212
864.802	4.23883
867.133	1.24741
869.464	2.70169
871.795	2.63312
874.126	6.28087
876.457	5.37009
878.788	3.5724
881.119	2.64867
883.45	4.29318
885.781	7.30598
888.112	4.3096
890.443	3.66696
892.774	6.34115
895.105	8.56448
897.436	1.55595
899.767	10.9914
902.098	10.4839
904.429	12.3145
906.76	31.0233
909.091	51.9369
911.422	45.3431
913.753	24.7667
916.084	7.30113
918.415	16.0286
920.746	16.2819
923.077	10.9001
925.408	1.66846
927.739	4.80169
930.07	11.9728
932.401	11.5316
934.732	6.38266
937.063	7.99462
939.394	5.74318
941.725	0.646459
944.056	21.4422
946.387	14.6938
948.718	78.8859
951.049	57.7665
953.38	7.26074
955.711	6.53299
958.042	18.4795
960.373	2.83415
962.704	7.29037
965.035	3.66416
967.366	3.49198
969.697	7.11141
972.028	6.93596
974.359	2.00968
976.69	8.37719
979.021	4.11436
981.352	2.15761
983.683	4.62035
986.014	0.665203
988.345	4.52793
990.676	4.24138
993.007	5.08568
995.338	5.67671
997.669	3.50537
1000	1.93149
1002.33	1.26381
1004.66	2.76387
1006.99	3.46111
1009.32	1.04365
1011.66	4.05345
1013.99	2.02444
1016.32	2.91948
1018.65	2.6718
1020.98	6.65061
1023.31	2.39293
1025.64	5.62963
1027.97	2.54684
1030.3	2.43148
1032.63	3.44983
1034.97	2.33625
1037.3	2.52402
1039.63	5.64692
1041.96	15.3688
1044.29	5.21139
1046.62	2.51733
1048.95	3.9163
1051.28	0.88262
1053.61	0.866175
1055.94	1.99847
1058.28	1.93613
1060.61	1.60819
1062.94	2.41268
1065.27	2.78922
1067.6	1.01646
1069.93	3.33616
1072.26	1.71388
1074.59	0.320007
1076.92	1.31384
1079.25	1.0094
1081.59	3.0757
1083.92	0.813459
1086.25	1.52283
1088.58	4.82523
1090.91	2.59698
1093.24	2.89992
1095.57	4.63171
1097.9	6.3574
1100.23	9.00231
1102.56	4.31133
1104.9	1.6458
1107.23	2.81348
1109.56	2.21571
1111.89	1.03061
1114.22	2.97823
1116.55	1.88391
1118.88	1.80334
1121.21	1.37116
1123.54	0.209625
1125.87	0.650856
1128.21	1.18656
1130.54	2.1767
1132.87	2.63863
1135.2	2.83487
1137.53	1.59622
1139.86	2.38365
1142.19	2.49829
1144.52	1.41764
1146.85	2.7219
1149.18	3.0028
1151.52	1.70599
1153.85	1.4414
1156.18	2.16994
1158.51	2.51236
1160.84	0.832763
1163.17	0.799772
1165.5	0.630887
1167.83	0.995085
1170.16	2.06317
1172.49	1.48011
1174.83	0.57415
1177.16	0.635576
1179.49	1.94759
1181.82	0.058421
1184.15	2.56781
1186.48	4.58236
1188.81	2.15939
1191.14	0.993162
1193.47	0.510748
1195.8	0.995685
1198.14	2.15878
1200.47	4.58205
1202.8	2.57142
1205.13	0.056925
1207.46	1.94757
1209.79	0.635787
1212.12	0.575908
1214.45	1.48055
1216.78	2.06384
1219.11	0.993617
1221.45	0.629194
1223.78	0.800482
1226.11	0.830755
1228.44	2.51347
1230.77	2.1693
1233.1	1.44288
1235.43	1.70643
1237.76	2.99936
1240.09	2.72326
1242.42	1.42033
1244.76	2.49676
1247.09	2.38565
1249.42	1.59481
1251.75	2.83306
1254.08	2.63434
1256.41	2.18186
1258.74	1.18775
1261.07	0.648917
1263.4	0.20617
1265.73	1.37139
1268.07	1.80459
1270.4	1.88637
1272.73	2.97792
1275.06	1.03091
1277.39	2.21761
1279.72	2.81178
1282.05	1.64049
1284.38	4.31172
1286.71	9.00102
1289.04	6.34972
1291.38	4.63873
1293.71	2.90764
1296.04	2.59961
1298.37	4.8242
1300.7	1.51571
1303.03	0.820619
1305.36	3.07899
1307.69	1.01043
1310.02	1.31362
1312.35	0.319974
1314.69	1.71275
1317.02	3.33466
1319.35	1.01958
1321.68	2.78732
1324.01	2.40529
1326.34	1.61678
1328.67	1.93993
1331	2.00081
1333.33	0.862394
1335.66	0.887442
1338	3.90943
1340.33	2.52958
1342.66	5.20958
1344.99	15.3753
1347.32	5.63538
1349.65	2.51373
1351.98	2.3377
1354.31	3.45201
1356.64	2.42747
1358.97	2.54759
1361.31	5.63358
1363.64	2.38901
1365.97	6.65229
1368.3	2.66388
1370.63	2.92401
1372.96	2.0224
1375.29	4.05345
1377.62	1.04706
1379.95	3.45733
1382.28	2.76476
1384.62	1.26571
1386.95	1.93638
1389.28	3.50616
1391.61	5.67389
1393.94	5.09243
1396.27	4.2461
1398.6	4.52695
1400.93	0.663804
1403.26	4.62113
1405.59	2.15615
1407.93	4.10822
1410.26	8.3781
1412.59	2.01502
1414.92	6.93724
1417.25	7.10917
1419.58	3.49373
1421.91	3.67021
1424.24	7.28962
1426.57	2.83054
1428.9	18.4807
1431.24	6.5135
1433.57	7.28436
1435.9	57.7054
1438.23	78.9085
1440.56	14.7658
1442.89	21.4464
1445.22	0.632609
1447.55	5.74883
1449.88	7.99586
1452.21	6.35605
1454.55	11.5386
1456.88	11.9863
1459.21	4.79397
1461.54	1.69566
1463.87	10.912
1466.2	16.2849
1468.53	16.0403
1470.86	7.28523
1473.19	24.7463
1475.52	45.3437
1477.86	51.946
1480.19	31.0169
1482.52	12.3512
1484.85	10.4849
1487.18	10.995
1489.51	1.55813
1491.84	8.56518
1494.17	6.33651
1496.5	3.66969
1498.83	4.30665
1501.17	7.30343
1503.5	4.29109
1505.83	2.65093
1508.16	3.56981
1510.49	5.36572
1512.82	6.27771
1515.15	2.6402
1517.48	2.70225
1519.81	1.25035
1522.14	4.23746
1524.48	2.41474
1526.81	3.13301
1529.14	3.37764
1531.47	5.04201
1533.8	3.57481
1536.13	0.947078
1538.46	2.39442
1540.79	3.03117
1543.12	4.15075
1545.45	2.95556
1547.79	1.93415
1550.12	0.863993
1552.45	2.77741
1554.78	0.315985
1557.11	1.68396
1559.44	2.74292
1561.77	2.54343
1564.1	1.62675
1566.43	2.78948
1568.76	1.88891
1571.1	2.48175
1573.43	3.47947
1575.76	2.03264
1578.09	1.33426
1580.42	6.30707
1582.75	1.58201
1585.08	2.01736
1587.41	3.32902
1589.74	1.02794
1592.07	3.14573
1594.41	3.92243
1596.74	10.9137
1599.07	1.00522
1601.4	2.48588
1603.73	5.68895
1606.06	4.73649
1608.39	2.58783
1610.72	1.63694
1613.05	1.01637
1615.38	1.51272
1617.72	0.931964
1620.05	1.07321
1622.38	1.94028
1624.71	0.497386
1627.04	1.34995
1629.37	1.39346
1631.7	3.11259
1634.03	2.49581
1636.36	1.79916
1638.69	2.72189
1641.03	0.297735
1643.36	1.61444
1645.69	2.15838
1648.02	1.79014
1650.35	0.902171
1652.68	1.23988
1655.01	1.14377
1657.34	1.15344
1659.67	2.20237
1662	1.6136
1664.34	1.09766
1666.67	3.40914
1669	5.78113
1671.33	3.60671
1673.66	0.798027
1675.99	1.36645
1678.32	2.11292
1680.65	0.893292
1682.98	2.17211
1685.31	0.418266
1687.65	4.56557
1689.98	6.42591
1692.31	8.62215
1694.64	3.27312
1696.97	2.21802
1699.3	9.71044
1701.63	10.4008
1703.96	7.11552
1706.29	2.85982
1708.62	3.18507
1710.96	2.60894
1713.29	3.03745
1715.62	5.48638
1717.95	2.52237
1720.28	3.38903
1722.61	2.47771
1724.94	0.571375
1727.27	2.28124
1729.6	0.952545
1731.93	3.67724
1734.27	3.40937
1736.6	2.15631
1738.93	1.81468
1741.26	3.40239
1743.59	1.39396
1745.92	1.69392
1748.25	4.64479
1750.58	2.28508
1752.91	2.23942
1755.24	3.67434
1757.58	2.55887
1759.91	1.30877
1762.24	2.91002
1764.57	4.20437
1766.9	0.638426
1769.23	2.40087
1771.56	2.28979
1773.89	1.40265
1776.22	3.79573
1778.55	1.33151
1780.89	2.49953
1783.22	3.20618
1785.55	5.2123
1787.88	1.54389
1790.21	2.48507
1792.54	1.90468
1794.87	2.55758
1797.2	4.67659
1799.53	3.68847
1801.86	6.44707
1804.2	9.28497
1806.53	5.69426
1808.86	2.8441
1811.19	11.6
1813.52	7.16074
1815.85	22.0344
1818.18	40.1899
1820.51	47.342
1822.84	32.3002
1825.17	9.23361
1827.51	8.60637
1829.84	16.5263
1832.17	9.78345
1834.5	6.48041
1836.83	8.09157
1839.16	2.6752
1841.49	1.82884
1843.82	6.79768
1846.15	3.19801
1848.48	9.09345
1850.82	3.55556
1853.15	3.37438
1855.48	1.03573
1857.81	8.67068
1860.14	1.77158
1862.47	6.27412
1864.8	3.88798
1867.13	4.55665
1869.46	5.56516
1871.79	13.7049
1874.13	4.07228
1876.46	8.90835
1878.79	8.16337
1881.12	18.4447
1883.45	11.0445
1885.78	0.474456
1888.11	5.02308
1890.44	6.26805
1892.77	19.1633
1895.1	7.42823
1897.44	61.4803
1899.77	73.6804
1902.1	12.0018
1904.43	12.3306
1906.76	24.2427
1909.09	13.9914
1911.42	12.3686
1913.75	5.69184
1916.08	16.7685
1918.41	13.256
1920.75	8.29279
1923.08	14.718
1925.41	42.8588
1927.74	17.974
1930.07	7.66056
1932.4	10.4126
1934.73	5.76419
1937.06	4.58321
1939.39	2.36615
1941.72	9.38416
1944.06	8.55042
1946.39	5.81946
1948.72	5.20269
1951.05	6.09274
1953.38	5.62435
1955.71	3.03399
1958.04	0.712257
1960.37	1.88195
1962.7	3.63611
1965.03	2.19605
1967.37	1.82497
1969.7	3.595
1972.03	3.3289
1974.36	1.46818
1976.69	4.84329
1979.02	2.55365
1981.35	0.753676
1983.68	2.41841
1986.01	1.54049
1988.34	4.93261
1990.68	21.1494
1993.01	19.594
1995.34	1.60063
1997.67	6.823
2000	3.05229
2002.33	4.08389
2004.66	6.58287
2006.99	12.1323
2009.32	8.05901
2011.66	6.71058
2013.99	6.91324
2016.32	3.65866
2018.65	4.56546
2020.98	2.08865
2023.31	1.96339
2025.64	1.58802
2027.97	2.81825
2030.3	4.59891
2032.63	7.39997
2034.97	8.47303
2037.3	4.06275
2039.63	6.67405
2041.96	17.1553
2044.29	18.3636
2046.62	15.8612
2048.95	7.58653
2051.28	2.6298
2053.61	4.3625
2055.94	2.16843
2058.28	3.6946
2060.61	4.44798
2062.94	0.877064
2065.27	0.686633
2067.6	2.43881
2069.93	2.94198
2072.26	1.93749
2074.59	2.23666
2076.92	2.54165
2079.25	1.55195
2081.59	2.75778
2083.92	0.822739
2086.25	1.14244
2088.58	0.717801
2090.91	1.14275
2093.24	1.53626
2095.57	1.10667
2097.9	1.53122
2100.23	3.15453
2102.56	1.5942
2104.9	1.83555
2107.23	3.50132
2109.56	2.5793
2111.89	2.34116
2114.22	1.38854
2116.55	1.44014
2118.88	0.19348
2121.21	2.10993
2123.54	2.08087
2125.87	1.92867
2128.21	2.29468
2130.54	1.22277
2132.87	1.22607
2135.2	3.16987
2137.53	3.58979
2139.86	1.91373
2142.19	2.54551
2144.52	2.88858
2146.85	3.74645
2149.18	3.18085
2151.52	3.98149
2153.85	2.98683
2156.18	1.92945
2158.51	4.58125
2160.84	9.45101
2163.17	10.9048
2165.5	5.45244
2167.83	1.51985
2170.16	4.04548
2172.49	5.54784
2174.83	3.28377
2177.16	2.18517
2179.49	1.79808
2181.82	2.75493
2184.15	1.80251
2186.48	0.285133
2188.81	0.79883
2191.14	0.374416
2193.47	2.19191
2195.8	2.67603
2198.14	1.96625
2200.47	1.24747
2202.8	1.31917
2205.13	1.27386
2207.46	1.2928
2209.79	1.94221
2212.12	1.57198
2214.45	1.93996
2216.78	0.923754
2219.11	1.40978
2221.45	0.971794
2223.78	0.534665
2226.11	1.60364
2228.44	0.38067
2230.77	3.08204
2233.1	0.288614
2235.43	1.32658
2237.76	1.38973
2240.09	2.51886
2242.42	2.09768
2244.76	1.3101
2247.09	2.29085
2249.42	1.32382
2251.75	2.89891
2254.08	1.73908
2256.41	2.31233
2258.74	0.342522
2261.07	1.92861
2263.4	0.204916
2265.73	2.64857
2268.07	1.1497
2270.4	0.545638
2272.73	2.42526
2275.06	0.93864
2277.39	2.75173
2279.72	1.11091
2282.05	3.43486
2284.38	1.28266
2286.71	1.90477
2289.04	3.15726
2291.38	3.67999
2293.71	7.85438
2296.04	2.974
2298.37	0.886819
2300.7	2.52332
2303.03	1.10551
2305.36	1.71681
2307.69	0.377541
2310.02	3.02405
2312.35	0.496786
2314.69	4.46549
2317.02	3.72139
2319.35	0.785382
2321.68	0.356664
2324.01	3.96294
2326.34	1.71553
2328.67	1.36895
2331	2.62773
2333.33	1.69505
2335.66	0.848593
2338	2.86237
2340.33	7.56999
2342.66	11.5119
2344.99	4.85449
2347.32	2.05563
2349.65	1.31942
2351.98	2.45008
2354.31	4.38195
2356.64	2.93975
2358.97	8.54665
2361.31	8.27652
2363.64	1.26673
2365.97	3.12327
2368.3	9.77054
2370.63	5.81804
2372.96	3.10989
2375.29	3.15031
2377.62	2.36123
2379.95	1.70336
2382.28	3.83267
2384.62	3.79813
