662
932
534
16
791
671
40
674
574
933
641
35
937
650
47
518
518
933
698
28
677
527
933
674
24
936
634
31
502
661
933
773
25
641
498
392
680
50
936
608
-2
505
685
932
675
22
936
500
26
679
753
932
578
18
557
676
216
668
50
934
512
44
723
693
932
543
38
700
671
44
674
562
933
553
45
776
650
932
511
17
827
684
38
650
532
933
696
23
937
629
24
514
620
933
790
34
659
504
888
687
31
937
615
26
508
684
932
689
23
626
497
171
675
77
933
582
24
536
670
932
672
18
694
510
59
657
670
932
545
21
687
670
205
646
28
934
535
33
750
652
932
504
-2
933
680
27
687
555
932
640
40
937
648
34
516
526
933
713
26
701
522
222
682
63
938
636
30
508
659
932
731
25
936
495
26
692
693
934
604
22
532
674
363
667
25
935
502
38
707
717
933
572
10
632
673
39
675
593
933
516
44
761
651
503
529
19
803
673
37
667
561
932
643
34
923
648
56
514
523
933
711
32
665
524
856
697
51
936
620
28
502
651
933
753
19
702
501
72
681
615
933
598
27
524
685
933
652
12
731
512
40
681
717
934
570
19
602
673
814
655
20
937
527
50
721
662
933
526
32
719
661
57
671
564
933
647
30
762
647
932
499
17
937
713
36
641
525
932
678
33
937
631
42
498
643
933
685
42
650
509
908
672
51
936
626
14
517
678
933
675
22
668
500
39
685
702
933
576
29
553
678
932
668
19
937
513
49
712
674
932
537
29
705
671
200
635
44
933
635
45
813
652
933
493
-4
933
658
38
666
560
932
680
27
937
630
41
510
211
936
800
39
591
436
817
677
41
673
579
933
573
56
708
639
934
509
27
668
696
934
567
28
543
674
933
642
30
513
538
934
700
33
616
500
933
683
33
698
582
934
537
21
763
644
933
513
13
688
701
932
594
22
536
680
932
653
27
537
519
932
708
25
680
518
932
677
35
808
606
932
525
40
784
658
932
518
15
711
679
933
603
15
536
681
811
660
21
599
509
316
730
24
937
529
125
694
39
937
619
76
504
258
937
673
57
548
439
807
692
41
647
548
717
683
43
707
628
935
507
62
686
688
934
539
27
682
682
933
627
29
504
651
933
676
21
570
488
933
674
29
666
557
933
680
33
859
639
933
504
36
702
740
932
553
19
643
679
933
653
24
508
651
932
808
36
619
493
932
690
36
731
576
932
658
35
841
644
933
502
24
735
759
933
568
9
657
670
45
681
612
934
527
51
706
660
933
510
27
687
691
933
605
28
519
679
933
657
25
564
509
932
682
28
684
526
933
668
29
768
612
932
510
36
742
672
933
525
20
705
673
933
600
10
532
670
933
660
27
600
509
932
693
20
743
538
380
682
34
937
623
249
502
33
936
667
173
557
20
723
669
119
640
17
602
683
73
735
556
937
493
40
681
688
936
555
24
653
674
934
642
27
483
625
934
777
31
579
496
934
693
17
652
562
933
648
45
749
641
932
499
31
685
675
933
572
30
551
670
932
640
35
520
538
932
721
36
618
500
932
678
37
715
581
933
556
41
836
651
932
491
20
696
732
932
580
13
553
678
932
647
23
561
526
932
806
22
702
510
394
681
33
937
597
236
526
33
907
650
169
518
14
754
718
104
583
17
587
678
73
682
212
936
517
56
695
604
937
505
31
679
703
939
596
10
505
678
934
658
22
545
528
933
680
41
650
531
933
683
46
715
625
933
505
56
718
665
933
529
28
683
686
933
619
18
524
682
932
678
25
576
497
932
666
32
691
548
932
692
24
831
624
932
502
38
728
718
933
539
23
683
670
932
631
20
523
640
932
753
19
645
499
933
673
13
800
568
390
659
37
937
646
248
509
23
936
736
172
561
20
716
676
120
644
13
607
633
73
798
219
937
510
29
680
657
937
579
24
528
669
939
646
31
512
533
934
798
34
609
502
933
674
50
690
594
933
541
56
800
660
933
518
2
689
679
931
619
18
557
678
224
664
19
637
506
123
704
23
937
518
26
674
255
937
623
24
517
606
936
723
28
557
501
934
679
38
653
546
933
672
50
822
630
934
510
52
709
684
933
541
15
657
674
933
625
27
505
663
933
685
30
582
501
932
685
22
677
550
933
675
29
829
634
932
520
27
729
724
933
569
25
634
670
932
631
22
517
633
932
789
30
656
505
933
683
29
776
566
933
668
34
854
663
934
499
30
744
760
553
581
16
585
668
312
640
14
560
544
221
761
20
937
499
75
675
264
936
589
39
530
251
937
648
26
520
465
936
704
40
615
519
848
664
55
699
612
934
533
55
725
649
933
516
26
682
695
412
